3 12 0 0 0 0 0 0 0 0 0 0 0 0 0 
6 7 2007 2008 2010 0 0 0 0 0 0 0 0 0 0 
3 9 13 0 0 0 0 0 0 0 0 0 0 0 0 
9008 2 12 0 0 0 0 0 0 0 0 0 0 0 0 
8 11 12 13 14 0 0 0 0 0 0 0 0 0 0 
12 9012 9013 0 0 0 0 0 0 0 0 0 0 0 0 
1 9 10 11 12 2005 0 0 0 0 0 0 0 0 0 
1 8 2003 0 0 0 0 0 0 0 0 0 0 0 0 
4 7 9 13 2006 0 0 0 0 0 0 0 0 0 0 
2 6 8 2005 0 0 0 0 0 0 0 0 0 0 0 
6 12 2012 9011 9012 0 0 0 0 0 0 0 0 0 0 
4 6 2008 0 0 0 0 0 0 0 0 0 0 0 0 
9008 3 4 5 6 10 14 0 0 0 0 0 0 0 0 
2 4 8 0 0 0 0 0 0 0 0 0 0 0 0 
4 12 9013 0 0 0 0 0 0 0 0 0 0 0 0 


9 0 0 0 0 0 0 0 0 0 0 0 0 0 0 
14 3003 3011 0 0 0 0 0 0 0 0 0 0 0 0 
7 3003 0 0 0 0 0 0 0 0 0 0 0 0 0 
9 1007 0 0 0 0 0 0 0 0 0 0 0 0 0 
8 12 13 0 0 0 0 0 0 0 0 0 0 0 0 
1006 1009 0 0 0 0 0 0 0 0 0 0 0 0 0 
1008 0 0 0 0 0 0 0 0 0 0 0 0 0 0 
2 9 12 1001 3009 0 0 0 0 0 0 0 0 0 0 
4 9 1001 1011 0 0 0 0 0 0 0 0 0 0 0 
3005 3 7 8 14 0 0 0 0 0 0 0 0 0 0 
14 1001 0 0 0 0 0 0 0 0 0 0 0 0 0 
14 3005 3011 0 0 0 0 0 0 0 0 0 0 0 0 
4 7 1010 10000 10002 0 0 0 0 0 0 0 0 0 0 
4 3001 10003 0 0 0 0 0 0 0 0 0 0 0 0 
1 9 10 11 0 0 0 0 0 0 0 0 0 0 0 


4 6 10 13 0 0 0 0 0 0 0 0 0 0 0 
5 12 2013 11011 0 0 0 0 0 0 0 0 0 0 0 
14 4005 4008 4013 0 0 0 0 0 0 0 0 0 0 0 
4 8 12 2001 2002 0 0 0 0 0 0 0 0 0 0 
4008 3 14 4009 0 0 0 0 0 0 0 0 0 0 0 
1 8 2009 2011 0 0 0 0 0 0 0 0 0 0 0 
4009 8 10 11008 11011 0 0 0 0 0 0 0 0 0 0 
11 13 0 0 0 0 0 0 0 0 0 0 0 0 0 
3 5 6 11 0 0 0 0 0 0 0 0 0 0 0 
2007 0 0 0 0 0 0 0 0 0 0 0 0 0 0 
4009 6 12 11001 0 0 0 0 0 0 0 0 0 0 0 
7 8 14 2001 2011 0 0 0 0 0 0 0 0 0 0 
1 3 10 11011 0 0 0 0 0 0 0 0 0 0 0 
4008 7 4009 0 0 0 0 0 0 0 0 0 0 0 0 
2 4 11 0 0 0 0 0 0 0 0 0 0 0 0 


14 0 0 0 0 0 0 0 0 0 0 0 0 0 0 
2 8 14 5004 0 0 0 0 0 0 0 0 0 0 0 
1 10 12009 0 0 0 0 0 0 0 0 0 0 0 0 
5 7 12 14 5010 0 0 0 0 0 0 0 0 0 0 
10 5006 12000 12014 0 0 0 0 0 0 0 0 0 0 0 
3 7 12 3002 5001 0 0 0 0 0 0 0 0 0 0 
0 0 0 0 0 0 0 0 0 0 0 0 0 0 0 
3 5 5010 0 0 0 0 0 0 0 0 0 0 0 0 
1 9 12 3002 3004 3013 0 0 0 0 0 0 0 0 0 
8 3004 3006 3010 3013 0 0 0 0 0 0 0 0 0 0 
2 4 12 5004 12010 12014 0 0 0 0 0 0 0 0 0 
13 5009 5011 0 0 0 0 0 0 0 0 0 0 0 0 
3 5 8 10 0 0 0 0 0 0 0 0 0 0 0 
11 3002 0 0 0 0 0 0 0 0 0 0 0 0 0 
5004 1 3 5011 0 0 0 0 0 0 0 0 0 0 0 


4 5 0 0 0 0 0 0 0 0 0 0 0 0 0 
4005 0 0 0 0 0 0 0 0 0 0 0 0 0 0 
12 13 6000 6009 6014 0 0 0 0 0 0 0 0 0 0 
5 11 12 6009 13005 13008 0 0 0 0 0 0 0 0 0 
13007 6 4001 4010 4014 0 0 0 0 0 0 0 0 0 0 
13003 3 6 13008 0 0 0 0 0 0 0 0 0 0 0 
4 5 8 4004 13003 0 0 0 0 0 0 0 0 0 0 
0 0 0 0 0 0 0 0 0 0 0 0 0 0 0 
6 10 12 6009 13008 0 0 0 0 0 0 0 0 0 0 
12 13 14 4011 0 0 0 0 0 0 0 0 0 0 0 
8 11 12 4003 4007 0 0 0 0 0 0 0 0 0 0 
3 10 4011 4014 0 0 0 0 0 0 0 0 0 0 0 
2 3 8 9 10 6006 6009 0 0 0 0 0 0 0 0 
2 9 0 0 0 0 0 0 0 0 0 0 0 0 0 
9 6006 0 0 0 0 0 0 0 0 0 0 0 0 0 


10 12 14 5002 0 0 0 0 0 0 0 0 0 0 0 
11 14 0 0 0 0 0 0 0 0 0 0 0 0 0 
13 14 7001 14002 0 0 0 0 0 0 0 0 0 0 0 
10 7013 0 0 0 0 0 0 0 0 0 0 0 0 0 
12 7009 7013 0 0 0 0 0 0 0 0 0 0 0 0 
9 14008 0 0 0 0 0 0 0 0 0 0 0 0 0 
8 9 10 5012 5014 0 0 0 0 0 0 0 0 0 0 
11 7001 7009 0 0 0 0 0 0 0 0 0 0 0 0 
6 0 0 0 0 0 0 0 0 0 0 0 0 0 0 
5 6 13 5002 5003 5008 5012 0 0 0 0 0 0 0 0 
0 3 6 0 0 0 0 0 0 0 0 0 0 0 0 
1 7 12 14 7006 0 0 0 0 0 0 0 0 0 0 
0 4 11 0 0 0 0 0 0 0 0 0 0 0 0 
2 9 0 0 0 0 0 0 0 0 0 0 0 0 0 
0 1 2 11 5002 0 0 0 0 0 0 0 0 0 0 


5 8 10 13 0 0 0 0 0 0 0 0 0 0 0 
2 14 6002 6007 8012 0 0 0 0 0 0 0 0 0 0 
1 6 0 0 0 0 0 0 0 0 0 0 0 0 0 
8002 0 0 0 0 0 0 0 0 0 0 0 0 0 0 
10 15014 0 0 0 0 0 0 0 0 0 0 0 0 0 
8003 9 8004 0 0 0 0 0 0 0 0 0 0 0 0 
2 10 11 6011 0 0 0 0 0 0 0 0 0 0 0 
9 8004 15002 0 0 0 0 0 0 0 0 0 0 0 0 
0 0 0 0 0 0 0 0 0 0 0 0 0 0 0 
5 7 10 6004 6007 8002 8012 8014 0 0 0 0 0 0 0 
8003 4 6 9 11 0 0 0 0 0 0 0 0 0 0 
6 10 12 8014 15014 0 0 0 0 0 0 0 0 0 0 
11 14 8014 15006 15007 0 0 0 0 0 0 0 0 0 0 
8007 6003 6004 0 0 0 0 0 0 0 0 0 0 0 0 
1 12 8011 0 0 0 0 0 0 0 0 0 0 0 0 


0 0 0 0 0 0 0 0 0 0 0 0 0 0 0 
6 10 14 16002 0 0 0 0 0 0 0 0 0 0 0 
13 7003 7009 0 0 0 0 0 0 0 0 0 0 0 0 
7005 7010 0 0 0 0 0 0 0 0 0 0 0 0 0 
7005 7007 0 0 0 0 0 0 0 0 0 0 0 0 0 
0 0 0 0 0 0 0 0 0 0 0 0 0 0 0 
1 0 0 0 0 0 0 0 0 0 0 0 0 0 0 
7013 0 0 0 0 0 0 0 0 0 0 0 0 0 0 
0 0 0 0 0 0 0 0 0 0 0 0 0 0 0 
0 0 0 0 0 0 0 0 0 0 0 0 0 0 0 
1 16000 16002 0 0 0 0 0 0 0 0 0 0 0 0 
7014 0 0 0 0 0 0 0 0 0 0 0 0 0 0 
14 7001 7009 16012 0 0 0 0 0 0 0 0 0 0 0 
2 0 0 0 0 0 0 0 0 0 0 0 0 0 0 
1 12 7009 7011 7012 16001 16005 16012 0 0 0 0 0 0 0 


5 7 0 0 0 0 0 0 0 0 0 0 0 0 0 
2 17000 17009 17010 0 0 0 0 0 0 0 0 0 0 0 
1 10 17000 0 0 0 0 0 0 0 0 0 0 0 0 
6 10 13 0 0 0 0 0 0 0 0 0 0 0 0 
7 9 14 17013 0 0 0 0 0 0 0 0 0 0 0 
10005 6 12 10013 0 0 0 0 0 0 0 0 0 0 0 
3 5 13 14 0 0 0 0 0 0 0 0 0 0 0 
10001 4 11 10008 17006 0 0 0 0 0 0 0 0 0 0 
13 1003 1012 0 0 0 0 0 0 0 0 0 0 0 0 
4 10 13 0 0 0 0 0 0 0 0 0 0 0 0 
2 3 9 17013 0 0 0 0 0 0 0 0 0 0 0 
7 12 13 1010 0 0 0 0 0 0 0 0 0 0 0 
5 11 1005 1010 10004 0 0 0 0 0 0 0 0 0 0 
3 6 8 9 11 1005 1014 0 0 0 0 0 0 0 0 
4 6 10005 17004 0 0 0 0 0 0 0 0 0 0 0 


2 4 8 11 2012 0 0 0 0 0 0 0 0 0 0 
9007 0 0 0 0 0 0 0 0 0 0 0 0 0 0 
0 3 6 11 2012 0 0 0 0 0 0 0 0 0 0 
2 2013 11011 0 0 0 0 0 0 0 0 0 0 0 0 
0 7 13 9012 0 0 0 0 0 0 0 0 0 0 0 
8 12 13 9005 9014 0 0 0 0 0 0 0 0 0 0 
2 11 11001 0 0 0 0 0 0 0 0 0 0 0 0 
4 0 0 0 0 0 0 0 0 0 0 0 0 0 0 
0 5 9 9007 0 0 0 0 0 0 0 0 0 0 0 
8 14 18008 0 0 0 0 0 0 0 0 0 0 0 0 
11 14 11011 0 0 0 0 0 0 0 0 0 0 0 0 
0 2 6 10 14 0 0 0 0 0 0 0 0 0 0 
5 13 0 0 0 0 0 0 0 0 0 0 0 0 0 
4 5 12 14 9005 18007 0 0 0 0 0 0 0 0 0 
9 10 11 13 11010 18001 18009 0 0 0 0 0 0 0 0 


4 10 0 0 0 0 0 0 0 0 0 0 0 0 0 
2 6 14 10006 3010 0 0 0 0 0 0 0 0 0 0 
1 0 0 0 0 0 0 0 0 0 0 0 0 0 0 
7 12009 19002 0 0 0 0 0 0 0 0 0 0 0 0 
0 12 0 0 0 0 0 0 0 0 0 0 0 0 0 
8 12001 0 0 0 0 0 0 0 0 0 0 0 0 0 
1 7 0 0 0 0 0 0 0 0 0 0 0 0 0 
3 6 14 12007 0 0 0 0 0 0 0 0 0 0 0 
5 14 3006 12007 12010 0 0 0 0 0 0 0 0 0 0 
10 12 14 19009 0 0 0 0 0 0 0 0 0 0 0 
0 9 10014 0 0 0 0 0 0 0 0 0 0 0 0 
13 14 10003 10010 3001 3006 3012 0 0 0 0 0 0 0 0 
4 9 19009 19012 0 0 0 0 0 0 0 0 0 0 0 
11 0 0 0 0 0 0 0 0 0 0 0 0 0 0 
1 7 8 9 11 12006 19008 0 0 0 0 0 0 0 0 


1 4 9 12 4004 0 0 0 0 0 0 0 0 0 0 
13001 3 11005 13012 20011 0 0 0 0 0 0 0 0 0 0 
4 9 11 14 13003 0 0 0 0 0 0 0 0 0 0 
1 13001 20011 0 0 0 0 0 0 0 0 0 0 0 0 
13001 2 13006 0 0 0 0 0 0 0 0 0 0 0 0 
6 0 0 0 0 0 0 0 0 0 0 0 0 0 0 
5 11014 0 0 0 0 0 0 0 0 0 0 0 0 0 
9 13 11007 11008 0 0 0 0 0 0 0 0 0 0 0 
13 0 0 0 0 0 0 0 0 0 0 0 0 0 0 
13001 2 7 11003 4002 20000 0 0 0 0 0 0 0 0 0 
11008 4010 13007 0 0 0 0 0 0 0 0 0 0 0 0 
2 13006 0 0 0 0 0 0 0 0 0 0 0 0 0 
13014 20005 0 0 0 0 0 0 0 0 0 0 0 0 0 
7 8 0 0 0 0 0 0 0 0 0 0 0 0 0 
2 4004 4010 13003 13007 0 0 0 0 0 0 0 0 0 0 


8 11 14 0 0 0 0 0 0 0 0 0 0 0 0 
12 12001 12003 12004 12009 21005 0 0 0 0 0 0 0 0 0 
12 0 0 0 0 0 0 0 0 0 0 0 0 0 0 
12 14 12002 12014 5005 5006 14010 0 0 0 0 0 0 0 0 
8 0 0 0 0 0 0 0 0 0 0 0 0 0 0 
5003 0 0 0 0 0 0 0 0 0 0 0 0 0 0 
13 14 12004 12011 21003 0 0 0 0 0 0 0 0 0 0 
12010 12014 5004 0 0 0 0 0 0 0 0 0 0 0 0 
14010 4 10 5003 5005 5008 0 0 0 0 0 0 0 0 0 
13 14 21002 0 0 0 0 0 0 0 0 0 0 0 0 
8 0 0 0 0 0 0 0 0 0 0 0 0 0 0 
0 0 0 0 0 0 0 0 0 0 0 0 0 0 0 
1 2 3 12001 21000 0 0 0 0 0 0 0 0 0 0 
6 9 14000 21003 0 0 0 0 0 0 0 0 0 0 0 
14013 3 6 9 12012 21000 0 0 0 0 0 0 0 0 0 


4 13013 0 0 0 0 0 0 0 0 0 0 0 0 0 
8 11 22011 0 0 0 0 0 0 0 0 0 0 0 0 
5 8 11 6002 0 0 0 0 0 0 0 0 0 0 0 
0 0 0 0 0 0 0 0 0 0 0 0 0 0 0 
15009 5 8 12 22004 22014 0 0 0 0 0 0 0 0 0 
2 4 0 0 0 0 0 0 0 0 0 0 0 0 0 
0 0 0 0 0 0 0 0 0 0 0 0 0 0 0 
14 0 0 0 0 0 0 0 0 0 0 0 0 0 0 
1 2 4 6005 15009 0 0 0 0 0 0 0 0 0 0 
0 0 0 0 0 0 0 0 0 0 0 0 0 0 0 
13 13003 13008 0 0 0 0 0 0 0 0 0 0 0 0 
1 2 0 0 0 0 0 0 0 0 0 0 0 0 0 
4 22014 0 0 0 0 0 0 0 0 0 0 0 0 0 
10 13014 0 0 0 0 0 0 0 0 0 0 0 0 0 
7 0 0 0 0 0 0 0 0 0 0 0 0 0 0 


4 6 0 0 0 0 0 0 0 0 0 0 0 0 0 
12 16014 23005 0 0 0 0 0 0 0 0 0 0 0 0 
8 10 14 7007 0 0 0 0 0 0 0 0 0 0 0 
0 0 0 0 0 0 0 0 0 0 0 0 0 0 0 
16004 11 12 13 16008 23010 23014 0 0 0 0 0 0 0 0 
6 9 11 12 16011 23003 23012 0 0 0 0 0 0 0 0 
16002 5 7012 0 0 0 0 0 0 0 0 0 0 0 0 
12 13 14 7012 16014 0 0 0 0 0 0 0 0 0 0 
2 16003 0 0 0 0 0 0 0 0 0 0 0 0 0 
5 14004 14008 16010 16011 16014 0 0 0 0 0 0 0 0 0 
2 16011 0 0 0 0 0 0 0 0 0 0 0 0 0 
4 5 16013 23005 23013 0 0 0 0 0 0 0 0 0 0 
1 4 5 7 0 0 0 0 0 0 0 0 0 0 0 
4 7 14 16002 0 0 0 0 0 0 0 0 0 0 0 
2 7 13 7004 7011 16000 16002 0 0 0 0 0 0 0 0 


15014 8010 0 0 0 0 0 0 0 0 0 0 0 0 0 
5 9 8014 0 0 0 0 0 0 0 0 0 0 0 0 
3 4 15006 15013 15014 8001 8010 24004 0 0 0 0 0 0 0 
2 15008 0 0 0 0 0 0 0 0 0 0 0 0 0 
2 15004 24004 0 0 0 0 0 0 0 0 0 0 0 0 
1 11 12 8014 0 0 0 0 0 0 0 0 0 0 0 
13 0 0 0 0 0 0 0 0 0 0 0 0 0 0 
0 0 0 0 0 0 0 0 0 0 0 0 0 0 0 
15004 0 0 0 0 0 0 0 0 0 0 0 0 0 0 
1 0 0 0 0 0 0 0 0 0 0 0 0 0 0 
12 15009 0 0 0 0 0 0 0 0 0 0 0 0 0 
5 15005 15009 15010 24002 0 0 0 0 0 0 0 0 0 0 
5 10 8012 8014 0 0 0 0 0 0 0 0 0 0 0 
6 15011 24008 0 0 0 0 0 0 0 0 0 0 0 0 
15001 15007 15009 0 0 0 0 0 0 0 0 0 0 0 0 


7 10 9001 9002 0 0 0 0 0 0 0 0 0 0 0 
4 5 9 14 18003 18008 25012 0 0 0 0 0 0 0 0 
7 11 12 25010 0 0 0 0 0 0 0 0 0 0 0 
0 0 0 0 0 0 0 0 0 0 0 0 0 0 0 
1 6 9014 0 0 0 0 0 0 0 0 0 0 0 0 
1 6 13 18008 0 0 0 0 0 0 0 0 0 0 0 
4 5 9007 0 0 0 0 0 0 0 0 0 0 0 0 
25000 2 25007 0 0 0 0 0 0 0 0 0 0 0 0 
9 12 0 0 0 0 0 0 0 0 0 0 0 0 0 
1 8 10 11 13 9001 0 0 0 0 0 0 0 0 0 
0 9 9001 0 0 0 0 0 0 0 0 0 0 0 0 
2 9 18014 25003 0 0 0 0 0 0 0 0 0 0 0 
2 8 25004 0 0 0 0 0 0 0 0 0 0 0 0 
5 9 9004 9010 0 0 0 0 0 0 0 0 0 0 0 
1 0 0 0 0 0 0 0 0 0 0 0 0 0 0 


11 12 0 0 0 0 0 0 0 0 0 0 0 0 0 
10014 0 0 0 0 0 0 0 0 0 0 0 0 0 0 
14 26002 0 0 0 0 0 0 0 0 0 0 0 0 0 
11 17001 26012 0 0 0 0 0 0 0 0 0 0 0 0 
19000 0 0 0 0 0 0 0 0 0 0 0 0 0 0 
6 11 13 19003 19010 26011 0 0 0 0 0 0 0 0 0 
5 8 10 11 0 0 0 0 0 0 0 0 0 0 0 
10013 0 0 0 0 0 0 0 0 0 0 0 0 0 0 
6 14 17001 17005 10009 0 0 0 0 0 0 0 0 0 0 
13 10014 0 0 0 0 0 0 0 0 0 0 0 0 0 
6 14 26007 0 0 0 0 0 0 0 0 0 0 0 0 
26000 3 5 6 26005 0 0 0 0 0 0 0 0 0 0 
26013 0 0 0 0 0 0 0 0 0 0 0 0 0 0 
5 9 19012 0 0 0 0 0 0 0 0 0 0 0 0 
2 8 10 17011 0 0 0 0 0 0 0 0 0 0 0 


18004 0 0 0 0 0 0 0 0 0 0 0 0 0 0 
0 0 0 0 0 0 0 0 0 0 0 0 0 0 0 
12 11003 0 0 0 0 0 0 0 0 0 0 0 0 0 
11 18005 27012 0 0 0 0 0 0 0 0 0 0 0 0 
6 7 10 12 27010 0 0 0 0 0 0 0 0 0 0 
0 0 0 0 0 0 0 0 0 0 0 0 0 0 0 
4 20007 20013 0 0 0 0 0 0 0 0 0 0 0 0 
4 27005 27014 0 0 0 0 0 0 0 0 0 0 0 0 
11014 0 0 0 0 0 0 0 0 0 0 0 0 0 0 
11009 11012 20007 27010 0 0 0 0 0 0 0 0 0 0 0 
4 18005 27010 27014 0 0 0 0 0 0 0 0 0 0 0 
3 13 27001 27011 0 0 0 0 0 0 0 0 0 0 0 
2 4 18013 11012 20004 20007 0 0 0 0 0 0 0 0 0 
11 20008 27011 0 0 0 0 0 0 0 0 0 0 0 0 
0 0 0 0 0 0 0 0 0 0 0 0 0 0 0 


9 10 12 12009 0 0 0 0 0 0 0 0 0 0 0 
3 11 0 0 0 0 0 0 0 0 0 0 0 0 0 
14 21011 28011 0 0 0 0 0 0 0 0 0 0 0 0 
1 0 0 0 0 0 0 0 0 0 0 0 0 0 0 
9 19012 0 0 0 0 0 0 0 0 0 0 0 0 0 
14 12012 21000 21002 21007 0 0 0 0 0 0 0 0 0 0 
14 21009 0 0 0 0 0 0 0 0 0 0 0 0 0 
8 11 19006 19009 19012 0 0 0 0 0 0 0 0 0 0 
7 19013 0 0 0 0 0 0 0 0 0 0 0 0 0 
0 4 14 0 0 0 0 0 0 0 0 0 0 0 0 
0 0 0 0 0 0 0 0 0 0 0 0 0 0 0 
1 7 12001 12003 0 0 0 0 0 0 0 0 0 0 0 
21003 14 21011 0 0 0 0 0 0 0 0 0 0 0 0 
14 19006 21007 28000 0 0 0 0 0 0 0 0 0 0 0 
2 5 6 9 12 13 0 0 0 0 0 0 0 0 0 


5 20005 13012 13014 0 0 0 0 0 0 0 0 0 0 0 
6 12 22006 29012 0 0 0 0 0 0 0 0 0 0 0 
3 4 8 12 20005 13009 29000 0 0 0 0 0 0 0 0 
2 5 8 20012 13006 13013 22005 0 0 0 0 0 0 0 0 
2 8 13 22003 22010 0 0 0 0 0 0 0 0 0 0 
22005 3 13001 0 0 0 0 0 0 0 0 0 0 0 0 
1 8 9 12 22000 29013 0 0 0 0 0 0 0 0 0 
20005 20013 0 0 0 0 0 0 0 0 0 0 0 0 0 
2 3 4 6 14 22000 0 0 0 0 0 0 0 0 0 
6 10 11 12 20006 29001 29005 0 0 0 0 0 0 0 0 
9 29007 29012 0 0 0 0 0 0 0 0 0 0 0 0 
9 20002 20012 29001 29009 29010 0 0 0 0 0 0 0 0 0 
1 2 6 9 29001 0 0 0 0 0 0 0 0 0 0 
4 22006 0 0 0 0 0 0 0 0 0 0 0 0 0 
8 22000 0 0 0 0 0 0 0 0 0 0 0 0 0 


6 13 21006 21008 21014 0 0 0 0 0 0 0 0 0 0 
4 11 12 0 0 0 0 0 0 0 0 0 0 0 0 
5 0 0 0 0 0 0 0 0 0 0 0 0 0 0 
21004 0 0 0 0 0 0 0 0 0 0 0 0 0 0 
1 10 14004 0 0 0 0 0 0 0 0 0 0 0 0 
2 21003 21005 0 0 0 0 0 0 0 0 0 0 0 0 
30003 13 21001 21013 30009 30014 0 0 0 0 0 0 0 0 0 
12 23013 30007 0 0 0 0 0 0 0 0 0 0 0 0 
14 0 0 0 0 0 0 0 0 0 0 0 0 0 0 
12 13 23011 30002 0 0 0 0 0 0 0 0 0 0 0 
4 14 21004 0 0 0 0 0 0 0 0 0 0 0 0 
1 14001 0 0 0 0 0 0 0 0 0 0 0 0 0 
1 7 9 23003 0 0 0 0 0 0 0 0 0 0 0 
30001 6 9 0 0 0 0 0 0 0 0 0 0 0 0 
8 10 14004 14012 0 0 0 0 0 0 0 0 0 0 0 


2 10 14 0 0 0 0 0 0 0 0 0 0 0 0 
7 24010 31008 31014 0 0 0 0 0 0 0 0 0 0 0 
24003 13 24011 31005 0 0 0 0 0 0 0 0 0 0 0 
9 22012 15005 0 0 0 0 0 0 0 0 0 0 0 0 
7 8 24005 24011 31005 31013 0 0 0 0 0 0 0 0 0 
8 10 13 15001 15011 24014 0 0 0 0 0 0 0 0 0 
10 24005 0 0 0 0 0 0 0 0 0 0 0 0 0 
1 4 11 0 0 0 0 0 0 0 0 0 0 0 0 
4 5 11 0 0 0 0 0 0 0 0 0 0 0 0 
3 0 0 0 0 0 0 0 0 0 0 0 0 0 0 
24003 5 6 15004 0 0 0 0 0 0 0 0 0 0 0 
7 8 13 22009 0 0 0 0 0 0 0 0 0 0 0 
15005 0 0 0 0 0 0 0 0 0 0 0 0 0 0 
2 5 11 22007 15011 0 0 0 0 0 0 0 0 0 0 
24003 15004 24008 0 0 0 0 0 0 0 0 0 0 0 0 


13 0 0 0 0 0 0 0 0 0 0 0 0 0 0 
0 0 0 0 0 0 0 0 0 0 0 0 0 0 0 
4 16011 0 0 0 0 0 0 0 0 0 0 0 0 0 
8 11 13 23002 23010 23014 0 0 0 0 0 0 0 0 0 
2 8 14 16002 16004 0 0 0 0 0 0 0 0 0 0 
23004 23006 32004 0 0 0 0 0 0 0 0 0 0 0 0 
32008 0 0 0 0 0 0 0 0 0 0 0 0 0 0 
0 0 0 0 0 0 0 0 0 0 0 0 0 0 0 
3 4 9 23014 16013 32003 0 0 0 0 0 0 0 0 0 
8 0 0 0 0 0 0 0 0 0 0 0 0 0 0 
23001 32009 0 0 0 0 0 0 0 0 0 0 0 0 0 
3 23002 23004 32014 0 0 0 0 0 0 0 0 0 0 0 
0 0 0 0 0 0 0 0 0 0 0 0 0 0 0 
0 3 0 0 0 0 0 0 0 0 0 0 0 0 0 
4 23005 0 0 0 0 0 0 0 0 0 0 0 0 0 


4 5 8 17007 0 0 0 0 0 0 0 0 0 0 0 
3 4 6 13 33008 0 0 0 0 0 0 0 0 0 0 
0 0 0 0 0 0 0 0 0 0 0 0 0 0 0 
1 6 14 17011 0 0 0 0 0 0 0 0 0 0 0 
33006 1 11 17012 0 0 0 0 0 0 0 0 0 0 0 
33006 13 0 0 0 0 0 0 0 0 0 0 0 0 0 
1 3 8 26002 26004 0 0 0 0 0 0 0 0 0 0 
17007 0 0 0 0 0 0 0 0 0 0 0 0 0 0 
33006 6 10 13 0 0 0 0 0 0 0 0 0 0 0 
0 0 0 0 0 0 0 0 0 0 0 0 0 0 0 
8 17002 0 0 0 0 0 0 0 0 0 0 0 0 0 
4 13 33003 0 0 0 0 0 0 0 0 0 0 0 0 
14 17001 0 0 0 0 0 0 0 0 0 0 0 0 0 
1 5 8 11 33011 33014 0 0 0 0 0 0 0 0 0 
3 12 0 0 0 0 0 0 0 0 0 0 0 0 0 


10 18011 0 0 0 0 0 0 0 0 0 0 0 0 0 
7 27000 34010 0 0 0 0 0 0 0 0 0 0 0 0 
9 10 25006 18002 0 0 0 0 0 0 0 0 0 0 0 
4 8 9 10 34012 0 0 0 0 0 0 0 0 0 0 
3 14 25006 0 0 0 0 0 0 0 0 0 0 0 0 
11 18011 0 0 0 0 0 0 0 0 0 0 0 0 0 
0 0 0 0 0 0 0 0 0 0 0 0 0 0 0 
1 10 18010 0 0 0 0 0 0 0 0 0 0 0 0 
3 13 34008 34012 0 0 0 0 0 0 0 0 0 0 0 
2 3 0 0 0 0 0 0 0 0 0 0 0 0 0 
34001 2 3 7 13 0 0 0 0 0 0 0 0 0 0 
5 18005 27009 0 0 0 0 0 0 0 0 0 0 0 0 
18003 0 0 0 0 0 0 0 0 0 0 0 0 0 0 
8 10 18012 27012 34008 0 0 0 0 0 0 0 0 0 0 
4 34012 0 0 0 0 0 0 0 0 0 0 0 0 0 


1 2 13 26001 0 0 0 0 0 0 0 0 0 0 0 
35014 3 13 19011 0 0 0 0 0 0 0 0 0 0 0 
35001 3 35003 0 0 0 0 0 0 0 0 0 0 0 0 
1 2 7 11 0 0 0 0 0 0 0 0 0 0 0 
7 13 35002 0 0 0 0 0 0 0 0 0 0 0 0 
13 19007 0 0 0 0 0 0 0 0 0 0 0 0 0 
28000 0 0 0 0 0 0 0 0 0 0 0 0 0 0 
3 4 11 28005 35003 35009 0 0 0 0 0 0 0 0 0 
0 0 0 0 0 0 0 0 0 0 0 0 0 0 0 
26011 0 0 0 0 0 0 0 0 0 0 0 0 0 0 
19004 19009 19010 0 0 0 0 0 0 0 0 0 0 0 0 
3 7 19011 19013 0 0 0 0 0 0 0 0 0 0 0 
26013 19003 35013 0 0 0 0 0 0 0 0 0 0 0 0 
0 1 4 5 14 0 0 0 0 0 0 0 0 0 0 
13 19007 19010 0 0 0 0 0 0 0 0 0 0 0 0 


1 7 9 14 27006 20013 0 0 0 0 0 0 0 0 0 
0 6 8 0 0 0 0 0 0 0 0 0 0 0 0 
4 10 29011 36008 36014 0 0 0 0 0 0 0 0 0 0 
0 0 0 0 0 0 0 0 0 0 0 0 0 0 0 
2 6 7 11 36008 0 0 0 0 0 0 0 0 0 0 
13 27007 36000 0 0 0 0 0 0 0 0 0 0 0 0 
1 4 7 11 29009 0 0 0 0 0 0 0 0 0 0 
36009 4 6 13 0 0 0 0 0 0 0 0 0 0 0 
1 0 0 0 0 0 0 0 0 0 0 0 0 0 0 
29014 11 13 0 0 0 0 0 0 0 0 0 0 0 0 
2 13 36012 0 0 0 0 0 0 0 0 0 0 0 0 
4 6 9 20002 29007 0 0 0 0 0 0 0 0 0 0 
13 29004 29005 0 0 0 0 0 0 0 0 0 0 0 0 
5 7 9 10 12 0 0 0 0 0 0 0 0 0 0 
0 0 0 0 0 0 0 0 0 0 0 0 0 0 0 


21002 0 0 0 0 0 0 0 0 0 0 0 0 0 0 
14 21009 21011 21012 0 0 0 0 0 0 0 0 0 0 0 
3 5 37005 0 0 0 0 0 0 0 0 0 0 0 0 
2 6 30011 30012 37006 37014 0 0 0 0 0 0 0 0 0 
28012 0 0 0 0 0 0 0 0 0 0 0 0 0 0 
2 12 28012 21009 30010 37005 0 0 0 0 0 0 0 0 0 
3 12 30008 30009 0 0 0 0 0 0 0 0 0 0 0 
11 28011 21010 30012 37000 37005 0 0 0 0 0 0 0 0 0 
12 30004 30009 0 0 0 0 0 0 0 0 0 0 0 0 
28006 21011 0 0 0 0 0 0 0 0 0 0 0 0 0 
21011 0 0 0 0 0 0 0 0 0 0 0 0 0 0 
7 28002 37011 37014 0 0 0 0 0 0 0 0 0 0 0 
5 6 8 21001 21010 30012 30013 37000 0 0 0 0 0 0 0 
21006 30013 30014 0 0 0 0 0 0 0 0 0 0 0 0 
1 28009 0 0 0 0 0 0 0 0 0 0 0 0 0 


5 0 0 0 0 0 0 0 0 0 0 0 0 0 0 
2 5 9 22013 0 0 0 0 0 0 0 0 0 0 0 
1 22009 31004 0 0 0 0 0 0 0 0 0 0 0 0 
7 9 22006 0 0 0 0 0 0 0 0 0 0 0 0 
5 11 29008 38001 38008 0 0 0 0 0 0 0 0 0 0 
31008 1 4 8 31014 38001 38002 0 0 0 0 0 0 0 0 
10 14 0 0 0 0 0 0 0 0 0 0 0 0 0 
3 22007 31006 0 0 0 0 0 0 0 0 0 0 0 0 
5 29006 38012 0 0 0 0 0 0 0 0 0 0 0 0 
1 3 29006 29008 22006 38005 0 0 0 0 0 0 0 0 0 
6 14 29005 0 0 0 0 0 0 0 0 0 0 0 0 
4 29003 38008 0 0 0 0 0 0 0 0 0 0 0 0 
29003 29007 29012 38005 0 0 0 0 0 0 0 0 0 0 0 
29012 29013 0 0 0 0 0 0 0 0 0 0 0 0 0 
6 10 29013 22006 0 0 0 0 0 0 0 0 0 0 0 


14 0 0 0 0 0 0 0 0 0 0 0 0 0 0 
2 7 39004 0 0 0 0 0 0 0 0 0 0 0 0 
1 7 14 32012 39003 0 0 0 0 0 0 0 0 0 0 
6 9 32001 0 0 0 0 0 0 0 0 0 0 0 0 
6 11 30002 32002 0 0 0 0 0 0 0 0 0 0 0 
9 23002 23004 32014 0 0 0 0 0 0 0 0 0 0 0 
3 4 30007 0 0 0 0 0 0 0 0 0 0 0 0 
1 2 8 13 32000 32009 39009 0 0 0 0 0 0 0 0 
7 12 30005 23001 32009 39011 0 0 0 0 0 0 0 0 0 
3 5 0 0 0 0 0 0 0 0 0 0 0 0 0 
13 32004 32008 0 0 0 0 0 0 0 0 0 0 0 0 
4 0 0 0 0 0 0 0 0 0 0 0 0 0 0 
8 32000 32012 39009 0 0 0 0 0 0 0 0 0 0 0 
7 10 23004 32013 0 0 0 0 0 0 0 0 0 0 0 
39011 2 30005 23001 0 0 0 0 0 0 0 0 0 0 0 


31007 31012 0 0 0 0 0 0 0 0 0 0 0 0 0 
5 31003 0 0 0 0 0 0 0 0 0 0 0 0 0 
5 31004 0 0 0 0 0 0 0 0 0 0 0 0 0 
6 10 24008 0 0 0 0 0 0 0 0 0 0 0 0 
13 14 31010 24005 0 0 0 0 0 0 0 0 0 0 0 
1 2 0 0 0 0 0 0 0 0 0 0 0 0 0 
3 0 0 0 0 0 0 0 0 0 0 0 0 0 0 
13 40002 0 0 0 0 0 0 0 0 0 0 0 0 0 
9 31010 24006 0 0 0 0 0 0 0 0 0 0 0 0 
8 14 31007 31008 24010 40004 0 0 0 0 0 0 0 0 0 
3 0 0 0 0 0 0 0 0 0 0 0 0 0 0 
0 0 0 0 0 0 0 0 0 0 0 0 0 0 0 
31002 31012 0 0 0 0 0 0 0 0 0 0 0 0 0 
4 7 31013 40012 0 0 0 0 0 0 0 0 0 0 0 
4 9 31005 24011 0 0 0 0 0 0 0 0 0 0 0 


14 0 0 0 0 0 0 0 0 0 0 0 0 0 0 
9 41002 0 0 0 0 0 0 0 0 0 0 0 0 0 
0 0 0 0 0 0 0 0 0 0 0 0 0 0 0 
9 25011 0 0 0 0 0 0 0 0 0 0 0 0 0 
10 11 12 13 0 0 0 0 0 0 0 0 0 0 0 
13 34011 41014 0 0 0 0 0 0 0 0 0 0 0 0 
25004 25005 25008 0 0 0 0 0 0 0 0 0 0 0 0 
9 13 41014 0 0 0 0 0 0 0 0 0 0 0 0 
25001 0 0 0 0 0 0 0 0 0 0 0 0 0 0 
1 3 7 41002 41004 0 0 0 0 0 0 0 0 0 0 
4 34005 41002 41010 0 0 0 0 0 0 0 0 0 0 0 
4 12 25013 0 0 0 0 0 0 0 0 0 0 0 0 
4 11 34005 34012 41010 0 0 0 0 0 0 0 0 0 0 
4 5 7 14 34011 0 0 0 0 0 0 0 0 0 0 
34006 13 25013 0 0 0 0 0 0 0 0 0 0 0 0 


2 9 14 0 0 0 0 0 0 0 0 0 0 0 0 
26010 35013 0 0 0 0 0 0 0 0 0 0 0 0 0 
0 5 0 0 0 0 0 0 0 0 0 0 0 0 0 
0 0 0 0 0 0 0 0 0 0 0 0 0 0 0 
0 0 0 0 0 0 0 0 0 0 0 0 0 0 0 
2 33010 33012 42011 0 0 0 0 0 0 0 0 0 0 0 
33014 0 0 0 0 0 0 0 0 0 0 0 0 0 0 
10 35001 35002 35008 0 0 0 0 0 0 0 0 0 0 0 
26008 26013 35001 0 0 0 0 0 0 0 0 0 0 0 0 
42010 10 0 0 0 0 0 0 0 0 0 0 0 0 0 
7 9 12 26001 0 0 0 0 0 0 0 0 0 0 0 
12 33005 33013 42010 0 0 0 0 0 0 0 0 0 0 0 
10 11 14 33012 26003 26008 26014 0 0 0 0 0 0 0 0 
0 0 0 0 0 0 0 0 0 0 0 0 0 0 0 
35001 12 42002 0 0 0 0 0 0 0 0 0 0 0 0 


9 10 13 0 0 0 0 0 0 0 0 0 0 0 0 
4 7 34007 34008 34014 27002 43010 0 0 0 0 0 0 0 0 
8 11 34007 27004 43007 43010 0 0 0 0 0 0 0 0 0 
7 11 27002 27007 0 0 0 0 0 0 0 0 0 0 0 
1 43002 43009 0 0 0 0 0 0 0 0 0 0 0 0 
0 0 0 0 0 0 0 0 0 0 0 0 0 0 0 
0 0 0 0 0 0 0 0 0 0 0 0 0 0 0 
1 3 0 0 0 0 0 0 0 0 0 0 0 0 0 
2 34007 43013 0 0 0 0 0 0 0 0 0 0 0 0 
0 27007 0 0 0 0 0 0 0 0 0 0 0 0 0 
0 0 0 0 0 0 0 0 0 0 0 0 0 0 0 
2 3 36001 36003 43007 0 0 0 0 0 0 0 0 0 0 
43010 0 0 0 0 0 0 0 0 0 0 0 0 0 0 
0 34001 27012 0 0 0 0 0 0 0 0 0 0 0 0 
27001 0 0 0 0 0 0 0 0 0 0 0 0 0 0 


7 28005 0 0 0 0 0 0 0 0 0 0 0 0 0 
4 35011 0 0 0 0 0 0 0 0 0 0 0 0 0 
9 0 0 0 0 0 0 0 0 0 0 0 0 0 0 
4 7 12 35011 0 0 0 0 0 0 0 0 0 0 0 
1 3 14 37012 44001 44005 44006 0 0 0 0 0 0 0 0 
7 37011 0 0 0 0 0 0 0 0 0 0 0 0 0 
12 37004 37008 37012 44001 0 0 0 0 0 0 0 0 0 0 
44002 3 5 14 0 0 0 0 0 0 0 0 0 0 0 
28002 28004 37011 0 0 0 0 0 0 0 0 0 0 0 0 
2 28007 0 0 0 0 0 0 0 0 0 0 0 0 0 
14 37004 37011 44001 0 0 0 0 0 0 0 0 0 0 0 
44011 0 0 0 0 0 0 0 0 0 0 0 0 0 0 
3 6 28010 37008 37010 0 0 0 0 0 0 0 0 0 0 
0 0 0 0 0 0 0 0 0 0 0 0 0 0 0 
4 7 10 28002 37011 0 0 0 0 0 0 0 0 0 0 


14 29007 29012 0 0 0 0 0 0 0 0 0 0 0 0 
6 8 9 38006 0 0 0 0 0 0 0 0 0 0 0 
7 9 13 45006 45008 0 0 0 0 0 0 0 0 0 0 
7 38007 38009 0 0 0 0 0 0 0 0 0 0 0 0 
8 36006 36010 0 0 0 0 0 0 0 0 0 0 0 0 
10 29002 29005 29007 38013 0 0 0 0 0 0 0 0 0 0 
1 29003 38000 38006 0 0 0 0 0 0 0 0 0 0 0 
2 3 14 38007 0 0 0 0 0 0 0 0 0 0 0 
1 4 10 36006 36012 45009 0 0 0 0 0 0 0 0 0 
1 2 38000 38014 45013 0 0 0 0 0 0 0 0 0 0 
5 8 36012 0 0 0 0 0 0 0 0 0 0 0 0 
36005 36008 36010 36014 29011 0 0 0 0 0 0 0 0 0 0 
36004 36006 0 0 0 0 0 0 0 0 0 0 0 0 0 
2 45002 45008 45013 0 0 0 0 0 0 0 0 0 0 0 
38006 7 29003 29011 0 0 0 0 0 0 0 0 0 0 0 


9 10 11 37006 37009 0 0 0 0 0 0 0 0 0 0 
11 30004 30005 39011 0 0 0 0 0 0 0 0 0 0 0 
4 12 30005 39011 0 0 0 0 0 0 0 0 0 0 0 
9 46007 0 0 0 0 0 0 0 0 0 0 0 0 0 
2 11 39009 0 0 0 0 0 0 0 0 0 0 0 0 
7 30009 30012 39006 0 0 0 0 0 0 0 0 0 0 0 
7 13 37001 37006 37014 0 0 0 0 0 0 0 0 0 0 
5 6 37003 37007 46001 0 0 0 0 0 0 0 0 0 0 
30004 30011 39013 0 0 0 0 0 0 0 0 0 0 0 0 
39007 3 12 14 37003 0 0 0 0 0 0 0 0 0 0 
39001 46006 46014 0 0 0 0 0 0 0 0 0 0 0 0 
39001 1 4 12 0 0 0 0 0 0 0 0 0 0 0 
2 9 11 30008 39013 0 0 0 0 0 0 0 0 0 0 
6 37005 0 0 0 0 0 0 0 0 0 0 0 0 0 
9 37009 46001 46007 46013 0 0 0 0 0 0 0 0 0 0 


12 0 0 0 0 0 0 0 0 0 0 0 0 0 0 
12 38010 38011 40011 47000 47005 0 0 0 0 0 0 0 0 0 
8 10 40000 47001 47012 0 0 0 0 0 0 0 0 0 0 
4 31002 40001 40014 0 0 0 0 0 0 0 0 0 0 0 
3 5 8 31001 40002 47002 0 0 0 0 0 0 0 0 0 
4 40013 0 0 0 0 0 0 0 0 0 0 0 0 0 
11 13 38005 0 0 0 0 0 0 0 0 0 0 0 0 
10 38009 47003 47014 0 0 0 0 0 0 0 0 0 0 0 
2 4 40000 40005 40007 0 0 0 0 0 0 0 0 0 0 
38004 31007 31012 40005 40008 0 0 0 0 0 0 0 0 0 0 
2 7 12 47003 0 0 0 0 0 0 0 0 0 0 0 
6 38001 38002 31008 31014 40004 0 0 0 0 0 0 0 0 0 
40000 1 10 40011 47012 0 0 0 0 0 0 0 0 0 0 
6 38008 38012 0 0 0 0 0 0 0 0 0 0 0 0 
0 0 0 0 0 0 0 0 0 0 0 0 0 0 0 


10 13 39002 39008 39012 0 0 0 0 0 0 0 0 0 0 
14 39003 0 0 0 0 0 0 0 0 0 0 0 0 0 
12 39004 32007 48006 0 0 0 0 0 0 0 0 0 0 0 
48011 0 0 0 0 0 0 0 0 0 0 0 0 0 0 
39011 32009 0 0 0 0 0 0 0 0 0 0 0 0 0 
8 39008 39009 48003 0 0 0 0 0 0 0 0 0 0 0 
9 10 11 0 0 0 0 0 0 0 0 0 0 0 0 
13 39008 48003 48004 0 0 0 0 0 0 0 0 0 0 0 
5 12 39009 0 0 0 0 0 0 0 0 0 0 0 0 
6 0 0 0 0 0 0 0 0 0 0 0 0 0 0 
0 6 0 0 0 0 0 0 0 0 0 0 0 0 0 
6 39001 39012 48012 0 0 0 0 0 0 0 0 0 0 0 
2 8 32013 0 0 0 0 0 0 0 0 0 0 0 0 
48001 7 39005 48013 0 0 0 0 0 0 0 0 0 0 0 
1 39003 0 0 0 0 0 0 0 0 0 0 0 0 0 


0 0 0 0 0 0 0 0 0 0 0 0 0 0 0 
10 0 0 0 0 0 0 0 0 0 0 0 0 0 0 
4 7 33001 33009 33010 0 0 0 0 0 0 0 0 0 0 
9 14 42001 42011 42013 42014 0 0 0 0 0 0 0 0 0 
2 6 33009 0 0 0 0 0 0 0 0 0 0 0 0 
13 49003 49006 0 0 0 0 0 0 0 0 0 0 0 0 
4 7 8 12 14 0 0 0 0 0 0 0 0 0 0 
2 6 9 13 0 0 0 0 0 0 0 0 0 0 0 
6 13 0 0 0 0 0 0 0 0 0 0 0 0 0 
3 7 42013 49003 0 0 0 0 0 0 0 0 0 0 0 
1 33010 33012 42011 0 0 0 0 0 0 0 0 0 0 0 
0 0 0 0 0 0 0 0 0 0 0 0 0 0 0 
6 49011 0 0 0 0 0 0 0 0 0 0 0 0 0 
5 7 8 49014 0 0 0 0 0 0 0 0 0 0 0 
3 6 33005 33007 0 0 0 0 0 0 0 0 0 0 0 


2 3 8 0 0 0 0 0 0 0 0 0 0 0 0 
9 11 41003 50011 0 0 0 0 0 0 0 0 0 0 0 
43002 34014 43009 0 0 0 0 0 0 0 0 0 0 0 0 
50012 9 10 12 0 0 0 0 0 0 0 0 0 0 0 
8 9 13 50009 0 0 0 0 0 0 0 0 0 0 0 
0 0 0 0 0 0 0 0 0 0 0 0 0 0 0 
9 50006 50014 0 0 0 0 0 0 0 0 0 0 0 0 
11 50009 50011 0 0 0 0 0 0 0 0 0 0 0 0 
43002 4 50012 0 0 0 0 0 0 0 0 0 0 0 0 
1 3 4 6 43004 0 0 0 0 0 0 0 0 0 0 
3 34009 34011 43013 0 0 0 0 0 0 0 0 0 0 0 
1 7 41003 41010 34005 50011 0 0 0 0 0 0 0 0 0 
3 43009 50012 0 0 0 0 0 0 0 0 0 0 0 0 
4 41003 41009 50004 0 0 0 0 0 0 0 0 0 0 0 
41003 50001 50011 0 0 0 0 0 0 0 0 0 0 0 0 


7 9 14 0 0 0 0 0 0 0 0 0 0 0 0 
12 14 44008 51000 51012 0 0 0 0 0 0 0 0 0 0 
42002 42008 35004 0 0 0 0 0 0 0 0 0 0 0 0 
11 12 51006 0 0 0 0 0 0 0 0 0 0 0 0 
11 12 42009 51006 51007 0 0 0 0 0 0 0 0 0 0 
0 0 0 0 0 0 0 0 0 0 0 0 0 0 0 
12 51003 51012 0 0 0 0 0 0 0 0 0 0 0 0 
44011 14 35002 35011 44013 0 0 0 0 0 0 0 0 0 0 
14 44004 44008 0 0 0 0 0 0 0 0 0 0 0 0 
44013 11 42002 42012 35004 51007 0 0 0 0 0 0 0 0 0 
13 35001 35002 35012 0 0 0 0 0 0 0 0 0 0 0 
3 4 9 14 51000 0 0 0 0 0 0 0 0 0 0 
1 3 4 6 51010 0 0 0 0 0 0 0 0 0 0 
10 42010 35008 51009 0 0 0 0 0 0 0 0 0 0 0 
44013 1 7 8 11 51007 0 0 0 0 0 0 0 0 0 


7 9 0 0 0 0 0 0 0 0 0 0 0 0 0 
4 10 36004 36006 36010 45004 0 0 0 0 0 0 0 0 0 
6 36007 0 0 0 0 0 0 0 0 0 0 0 0 0 
9 52007 52012 0 0 0 0 0 0 0 0 0 0 0 0 
1 7 43008 52011 0 0 0 0 0 0 0 0 0 0 0 
36004 45005 45007 45009 0 0 0 0 0 0 0 0 0 0 0 
2 13 36004 0 0 0 0 0 0 0 0 0 0 0 0 
45007 4 10 52009 0 0 0 0 0 0 0 0 0 0 0 
43001 43008 52000 52014 0 0 0 0 0 0 0 0 0 0 0 
45011 3 52007 0 0 0 0 0 0 0 0 0 0 0 0 
1 7 12 45005 45012 0 0 0 0 0 0 0 0 0 0 
43007 36011 0 0 0 0 0 0 0 0 0 0 0 0 0 
10 0 0 0 0 0 0 0 0 0 0 0 0 0 0 
6 43007 43009 43014 0 0 0 0 0 0 0 0 0 0 0 
0 0 0 0 0 0 0 0 0 0 0 0 0 0 0 


12 0 0 0 0 0 0 0 0 0 0 0 0 0 0 
11 0 0 0 0 0 0 0 0 0 0 0 0 0 0 
3 6 13 37013 46005 53003 53012 0 0 0 0 0 0 0 0 
2 12 53004 53011 53012 0 0 0 0 0 0 0 0 0 0 
7 44001 0 0 0 0 0 0 0 0 0 0 0 0 0 
6 9 44005 44010 0 0 0 0 0 0 0 0 0 0 0 
2 5 14 37002 46012 0 0 0 0 0 0 0 0 0 0 
4 11 14 44005 44007 53010 0 0 0 0 0 0 0 0 0 
37002 37013 46005 0 0 0 0 0 0 0 0 0 0 0 0 
5 44005 37008 0 0 0 0 0 0 0 0 0 0 0 0 
14 53005 0 0 0 0 0 0 0 0 0 0 0 0 0 
1 7 44009 0 0 0 0 0 0 0 0 0 0 0 0 
53003 3 14 44010 0 0 0 0 0 0 0 0 0 0 0 
2 37009 37013 46006 0 0 0 0 0 0 0 0 0 0 0 
6 7 10 12 0 0 0 0 0 0 0 0 0 0 0 


4 7 8 0 0 0 0 0 0 0 0 0 0 0 0 
3 38007 38014 0 0 0 0 0 0 0 0 0 0 0 0 
12 14 0 0 0 0 0 0 0 0 0 0 0 0 0 
1 13 0 0 0 0 0 0 0 0 0 0 0 0 0 
47001 47006 47011 47013 0 0 0 0 0 0 0 0 0 0 0 
13 45002 45008 0 0 0 0 0 0 0 0 0 0 0 0 
45013 38010 47000 47011 0 0 0 0 0 0 0 0 0 0 0 
47013 9 38003 38014 47014 0 0 0 0 0 0 0 0 0 0 
47004 47006 54002 54004 0 0 0 0 0 0 0 0 0 0 0 
7 54001 0 0 0 0 0 0 0 0 0 0 0 0 0 
12 13 0 0 0 0 0 0 0 0 0 0 0 0 0 
54000 54001 54002 0 0 0 0 0 0 0 0 0 0 0 0 
2 10 45006 0 0 0 0 0 0 0 0 0 0 0 0 
3 5 10 38014 0 0 0 0 0 0 0 0 0 0 0 
2 38010 47000 0 0 0 0 0 0 0 0 0 0 0 0 


14 46006 46014 39001 0 0 0 0 0 0 0 0 0 0 0 
7 8 10 46004 39002 48002 55008 0 0 0 0 0 0 0 0 
12 39004 48003 0 0 0 0 0 0 0 0 0 0 0 0 
39007 39010 0 0 0 0 0 0 0 0 0 0 0 0 0 
6 8 46008 55005 0 0 0 0 0 0 0 0 0 0 0 
8 11 12 39001 0 0 0 0 0 0 0 0 0 0 0 
4 7 13 46004 46008 55005 0 0 0 0 0 0 0 0 0 
1 6 55007 55008 55010 0 0 0 0 0 0 0 0 0 0 
1 4 5 12 55008 0 0 0 0 0 0 0 0 0 0 
12 48002 48007 48013 0 0 0 0 0 0 0 0 0 0 0 
1 55013 0 0 0 0 0 0 0 0 0 0 0 0 0 
5 13 46004 46006 0 0 0 0 0 0 0 0 0 0 0 
2 5 8 9 39002 39012 48000 0 0 0 0 0 0 0 0 
6 11 46004 46007 0 0 0 0 0 0 0 0 0 0 0 
0 46007 39007 0 0 0 0 0 0 0 0 0 0 0 0 


2 3 5 11 47012 0 0 0 0 0 0 0 0 0 0 
6 40013 0 0 0 0 0 0 0 0 0 0 0 0 0 
56003 4 47001 47009 56008 0 0 0 0 0 0 0 0 0 0 
0 6 47002 40005 40007 0 0 0 0 0 0 0 0 0 0 
2 14 40007 0 0 0 0 0 0 0 0 0 0 0 0 
0 0 0 0 0 0 0 0 0 0 0 0 0 0 0 
1 3 12 40002 0 0 0 0 0 0 0 0 0 0 0 
9 47009 0 0 0 0 0 0 0 0 0 0 0 0 0 
56012 0 0 0 0 0 0 0 0 0 0 0 0 0 0 
7 14 0 0 0 0 0 0 0 0 0 0 0 0 0 
0 0 0 0 0 0 0 0 0 0 0 0 0 0 0 
0 40003 0 0 0 0 0 0 0 0 0 0 0 0 0 
6 40011 0 0 0 0 0 0 0 0 0 0 0 0 0 
47009 40013 0 0 0 0 0 0 0 0 0 0 0 0 0 
4 9 56009 0 0 0 0 0 0 0 0 0 0 0 0 


3 6 0 0 0 0 0 0 0 0 0 0 0 0 0 
12 0 0 0 0 0 0 0 0 0 0 0 0 0 0 
12 13 57008 0 0 0 0 0 0 0 0 0 0 0 0 
0 7 41005 41009 0 0 0 0 0 0 0 0 0 0 0 
5 7 12 50005 0 0 0 0 0 0 0 0 0 0 0 
4 10 14 57008 0 0 0 0 0 0 0 0 0 0 0 
0 8 41005 0 0 0 0 0 0 0 0 0 0 0 0 
3 4 50001 50004 50008 57003 0 0 0 0 0 0 0 0 0 
6 9 13 57002 0 0 0 0 0 0 0 0 0 0 0 
8 0 0 0 0 0 0 0 0 0 0 0 0 0 0 
5 13 0 0 0 0 0 0 0 0 0 0 0 0 0 
41012 0 0 0 0 0 0 0 0 0 0 0 0 0 0 
1 2 4 50008 0 0 0 0 0 0 0 0 0 0 0 
2 8 10 0 0 0 0 0 0 0 0 0 0 0 0 
5 41013 57001 57014 0 0 0 0 0 0 0 0 0 0 0 


0 0 0 0 0 0 0 0 0 0 0 0 0 0 0 
14 49007 42014 58007 0 0 0 0 0 0 0 0 0 0 0 
51004 58001 58004 0 0 0 0 0 0 0 0 0 0 0 0 
6 14 51002 58003 0 0 0 0 0 0 0 0 0 0 0 
6 49007 42013 0 0 0 0 0 0 0 0 0 0 0 0 
49004 58006 0 0 0 0 0 0 0 0 0 0 0 0 0 
3 4 13 42006 51006 0 0 0 0 0 0 0 0 0 0 
8 58014 0 0 0 0 0 0 0 0 0 0 0 0 0 
7 49007 49012 58006 0 0 0 0 0 0 0 0 0 0 0 
42004 42007 0 0 0 0 0 0 0 0 0 0 0 0 0 
14 58002 0 0 0 0 0 0 0 0 0 0 0 0 0 
42001 42007 42011 42014 0 0 0 0 0 0 0 0 0 0 0 
42003 42008 42012 0 0 0 0 0 0 0 0 0 0 0 0 
6 51004 58001 0 0 0 0 0 0 0 0 0 0 0 0 
1 3 10 42006 58005 58010 0 0 0 0 0 0 0 0 0 


5 14 43001 43011 0 0 0 0 0 0 0 0 0 0 0 
4 13 52010 59007 0 0 0 0 0 0 0 0 0 0 0 
4 50003 59000 0 0 0 0 0 0 0 0 0 0 0 0 
43006 59009 0 0 0 0 0 0 0 0 0 0 0 0 0 
1 2 50002 50013 59003 0 0 0 0 0 0 0 0 0 0 
52007 0 0 0 0 0 0 0 0 0 0 0 0 0 0 
8 50006 43003 43004 59013 0 0 0 0 0 0 0 0 0 0 
43004 43009 43014 52014 0 0 0 0 0 0 0 0 0 0 0 
6 59011 0 0 0 0 0 0 0 0 0 0 0 0 0 
43013 0 0 0 0 0 0 0 0 0 0 0 0 0 0 
43012 0 0 0 0 0 0 0 0 0 0 0 0 0 0 
0 0 0 0 0 0 0 0 0 0 0 0 0 0 0 
43001 43006 52001 52006 52012 59008 59014 0 0 0 0 0 0 0 0 
1 14 52001 52008 59008 0 0 0 0 0 0 0 0 0 0 
52000 13 0 0 0 0 0 0 0 0 0 0 0 0 0 


7 9 51014 44008 0 0 0 0 0 0 0 0 0 0 0 
2 6 8 51012 51013 60004 0 0 0 0 0 0 0 0 0 
1 60006 60009 0 0 0 0 0 0 0 0 0 0 0 0 
8 60005 0 0 0 0 0 0 0 0 0 0 0 0 0 
5 8 13 53013 60001 0 0 0 0 0 0 0 0 0 0 
4 7 60001 0 0 0 0 0 0 0 0 0 0 0 0 
1 51012 0 0 0 0 0 0 0 0 0 0 0 0 0 
60000 5 11 51005 44003 44009 60008 0 0 0 0 0 0 0 0 
1 3 4 51013 0 0 0 0 0 0 0 0 0 0 0 
53005 13 44007 60003 0 0 0 0 0 0 0 0 0 0 0 
51001 60010 60013 0 0 0 0 0 0 0 0 0 0 0 0 
7 44004 53010 0 0 0 0 0 0 0 0 0 0 0 0 
14 51012 44003 60002 0 0 0 0 0 0 0 0 0 0 0 
4 9 53005 53013 60003 60009 0 0 0 0 0 0 0 0 0 
12 51007 44008 0 0 0 0 0 0 0 0 0 0 0 0 


2 6 11 13 14 0 0 0 0 0 0 0 0 0 0 
7 0 0 0 0 0 0 0 0 0 0 0 0 0 0 
54009 0 0 0 0 0 0 0 0 0 0 0 0 0 0 
45002 45012 0 0 0 0 0 0 0 0 0 0 0 0 0 
5 6 8 45003 0 0 0 0 0 0 0 0 0 0 0 
4 13 52009 52013 45010 61011 0 0 0 0 0 0 0 0 0 
0 4 9 0 0 0 0 0 0 0 0 0 0 0 0 
1 13 0 0 0 0 0 0 0 0 0 0 0 0 0 
4 54001 54008 61008 0 0 0 0 0 0 0 0 0 0 0 
6 54011 61000 0 0 0 0 0 0 0 0 0 0 0 0 
52011 45007 0 0 0 0 0 0 0 0 0 0 0 0 0 
54009 12 45003 54013 0 0 0 0 0 0 0 0 0 0 0 
11 45002 45003 0 0 0 0 0 0 0 0 0 0 0 0 
54009 5 7 52004 52013 0 0 0 0 0 0 0 0 0 0 
54008 54009 54011 61008 0 0 0 0 0 0 0 0 0 0 0 


14 46011 0 0 0 0 0 0 0 0 0 0 0 0 0 
13 14 53008 46009 46011 0 0 0 0 0 0 0 0 0 0 
8 10 13 46008 46011 55005 0 0 0 0 0 0 0 0 0 
4 10 14 55007 0 0 0 0 0 0 0 0 0 0 0 
3 14 46008 55005 55007 55010 0 0 0 0 0 0 0 0 0 
6 8 11 62003 0 0 0 0 0 0 0 0 0 0 0 
5 7 55000 62012 0 0 0 0 0 0 0 0 0 0 0 
6 10 0 0 0 0 0 0 0 0 0 0 0 0 0 
2 5 11 53008 53014 0 0 0 0 0 0 0 0 0 0 
53002 53011 53013 53014 0 0 0 0 0 0 0 0 0 0 0 
2 3 7 0 0 0 0 0 0 0 0 0 0 0 0 
5 8 53009 53014 62002 62008 0 0 0 0 0 0 0 0 0 
62007 62013 0 0 0 0 0 0 0 0 0 0 0 0 0 
1 2 53011 62004 62006 62010 62013 0 0 0 0 0 0 0 0 
62013 1 3 4 62014 0 0 0 0 0 0 0 0 0 0 


9 54006 0 0 0 0 0 0 0 0 0 0 0 0 0 
2 8 13 56011 0 0 0 0 0 0 0 0 0 0 0 
1 14 0 0 0 0 0 0 0 0 0 0 0 0 0 
0 0 0 0 0 0 0 0 0 0 0 0 0 0 0 
6 13 56000 56011 0 0 0 0 0 0 0 0 0 0 0 
11 54002 54004 47004 47006 0 0 0 0 0 0 0 0 0 0 
4 7 9 13 0 0 0 0 0 0 0 0 0 0 0 
6 54003 54004 47007 56013 63001 0 0 0 0 0 0 0 0 0 
1 47001 47007 47008 56008 56013 0 0 0 0 0 0 0 0 0 
56001 6 14 56004 63012 63013 0 0 0 0 0 0 0 0 0 
54004 47007 0 0 0 0 0 0 0 0 0 0 0 0 0 
5 0 0 0 0 0 0 0 0 0 0 0 0 0 0 
56008 0 0 0 0 0 0 0 0 0 0 0 0 0 0 
1 4 6 47010 63014 0 0 0 0 0 0 0 0 0 0 
2 9 56000 63006 63007 0 0 0 0 0 0 0 0 0 0 


55004 55014 0 0 0 0 0 0 0 0 0 0 0 0 0 
7 55009 64012 64014 0 0 0 0 0 0 0 0 0 0 0 
0 0 0 0 0 0 0 0 0 0 0 0 0 0 0 
48002 0 0 0 0 0 0 0 0 0 0 0 0 0 0 
55009 0 0 0 0 0 0 0 0 0 0 0 0 0 0 
0 0 0 0 0 0 0 0 0 0 0 0 0 0 0 
8 0 0 0 0 0 0 0 0 0 0 0 0 0 0 
1 64014 0 0 0 0 0 0 0 0 0 0 0 0 0 
6 9 10 55008 55012 48002 0 0 0 0 0 0 0 0 0 
8 10 48014 0 0 0 0 0 0 0 0 0 0 0 0 
8 9 0 0 0 0 0 0 0 0 0 0 0 0 0 
55001 55004 64002 64010 0 0 0 0 0 0 0 0 0 0 0 
48008 0 0 0 0 0 0 0 0 0 0 0 0 0 0 
55007 55008 0 0 0 0 0 0 0 0 0 0 0 0 0 
0 0 0 0 0 0 0 0 0 0 0 0 0 0 0 


4 13 0 0 0 0 0 0 0 0 0 0 0 0 0 
9 49014 0 0 0 0 0 0 0 0 0 0 0 0 0 
49008 0 0 0 0 0 0 0 0 0 0 0 0 0 0 
49007 58010 0 0 0 0 0 0 0 0 0 0 0 0 0 
0 11 0 0 0 0 0 0 0 0 0 0 0 0 0 
10 0 0 0 0 0 0 0 0 0 0 0 0 0 0 
0 0 0 0 0 0 0 0 0 0 0 0 0 0 0 
0 0 0 0 0 0 0 0 0 0 0 0 0 0 0 
49002 49005 0 0 0 0 0 0 0 0 0 0 0 0 0 
1 14 0 0 0 0 0 0 0 0 0 0 0 0 0 
5 0 0 0 0 0 0 0 0 0 0 0 0 0 0 
4 12 0 0 0 0 0 0 0 0 0 0 0 0 0 
11 0 0 0 0 0 0 0 0 0 0 0 0 0 0 
58003 58014 0 0 0 0 0 0 0 0 0 0 0 0 0 
9 49014 0 0 0 0 0 0 0 0 0 0 0 0 0 


0 0 0 0 0 0 0 0 0 0 0 0 0 0 0 
9 50002 50013 59006 59013 0 0 0 0 0 0 0 0 0 0 
8 14 50010 59002 0 0 0 0 0 0 0 0 0 0 0 
4 8 57013 50003 0 0 0 0 0 0 0 0 0 0 0 
3 50002 59000 59010 0 0 0 0 0 0 0 0 0 0 0 
7 14 50014 59004 0 0 0 0 0 0 0 0 0 0 0 
13 50005 50008 0 0 0 0 0 0 0 0 0 0 0 0 
5 50001 0 0 0 0 0 0 0 0 0 0 0 0 0 
2 3 59010 0 0 0 0 0 0 0 0 0 0 0 0 
1 10 59009 0 0 0 0 0 0 0 0 0 0 0 0 
9 11 57003 50014 59000 0 0 0 0 0 0 0 0 0 0 
10 0 0 0 0 0 0 0 0 0 0 0 0 0 0 
0 0 0 0 0 0 0 0 0 0 0 0 0 0 0 
6 0 0 0 0 0 0 0 0 0 0 0 0 0 0 
2 5 57013 50007 0 0 0 0 0 0 0 0 0 0 0 


58004 58010 51002 0 0 0 0 0 0 0 0 0 0 0 0 
10 12 0 0 0 0 0 0 0 0 0 0 0 0 0 
3 12 58002 0 0 0 0 0 0 0 0 0 0 0 0 
2 14 51004 0 0 0 0 0 0 0 0 0 0 0 0 
58005 0 0 0 0 0 0 0 0 0 0 0 0 0 0 
11 0 0 0 0 0 0 0 0 0 0 0 0 0 0 
58001 60010 0 0 0 0 0 0 0 0 0 0 0 0 0 
51001 0 0 0 0 0 0 0 0 0 0 0 0 0 0 
51012 51013 0 0 0 0 0 0 0 0 0 0 0 0 0 
58009 51003 0 0 0 0 0 0 0 0 0 0 0 0 0 
1 58004 58008 0 0 0 0 0 0 0 0 0 0 0 0 
5 51008 0 0 0 0 0 0 0 0 0 0 0 0 0 
1 2 14 60006 0 0 0 0 0 0 0 0 0 0 0 
58001 51006 0 0 0 0 0 0 0 0 0 0 0 0 0 
3 12 51012 0 0 0 0 0 0 0 0 0 0 0 0 


52007 0 0 0 0 0 0 0 0 0 0 0 0 0 0 
11 52004 52005 61002 61009 0 0 0 0 0 0 0 0 0 0 
52012 0 0 0 0 0 0 0 0 0 0 0 0 0 0 
52009 52013 61011 0 0 0 0 0 0 0 0 0 0 0 0 
52001 0 0 0 0 0 0 0 0 0 0 0 0 0 0 
7 9 52003 61014 0 0 0 0 0 0 0 0 0 0 0 
59012 52002 0 0 0 0 0 0 0 0 0 0 0 0 0 
5 9 0 0 0 0 0 0 0 0 0 0 0 0 0 
10 52007 0 0 0 0 0 0 0 0 0 0 0 0 0 
5 7 14 52002 52013 0 0 0 0 0 0 0 0 0 0 
8 59006 52010 0 0 0 0 0 0 0 0 0 0 0 0 
1 0 0 0 0 0 0 0 0 0 0 0 0 0 0 
14 0 0 0 0 0 0 0 0 0 0 0 0 0 0 
52010 0 0 0 0 0 0 0 0 0 0 0 0 0 0 
9 12 61011 0 0 0 0 0 0 0 0 0 0 0 0 


12 53009 0 0 0 0 0 0 0 0 0 0 0 0 0 
62009 0 0 0 0 0 0 0 0 0 0 0 0 0 0 
60001 62007 0 0 0 0 0 0 0 0 0 0 0 0 0 
0 0 0 0 0 0 0 0 0 0 0 0 0 0 0 
7 0 0 0 0 0 0 0 0 0 0 0 0 0 0 
12 0 0 0 0 0 0 0 0 0 0 0 0 0 0 
8 0 0 0 0 0 0 0 0 0 0 0 0 0 0 
4 62004 0 0 0 0 0 0 0 0 0 0 0 0 0 
6 53008 53014 0 0 0 0 0 0 0 0 0 0 0 0 
11 13 14 60001 0 0 0 0 0 0 0 0 0 0 0 
62001 62007 0 0 0 0 0 0 0 0 0 0 0 0 0 
9 60003 60014 53005 0 0 0 0 0 0 0 0 0 0 0 
62011 5 0 0 0 0 0 0 0 0 0 0 0 0 0 
9 0 0 0 0 0 0 0 0 0 0 0 0 0 0 
9 60005 0 0 0 0 0 0 0 0 0 0 0 0 0 


8 0 0 0 0 0 0 0 0 0 0 0 0 0 0 
61010 0 0 0 0 0 0 0 0 0 0 0 0 0 0 
6 54011 0 0 0 0 0 0 0 0 0 0 0 0 0 
7 11 13 54005 63009 0 0 0 0 0 0 0 0 0 0 
61007 54013 0 0 0 0 0 0 0 0 0 0 0 0 0 
8 0 0 0 0 0 0 0 0 0 0 0 0 0 0 
2 9 54013 0 0 0 0 0 0 0 0 0 0 0 0 
3 61002 61010 54012 0 0 0 0 0 0 0 0 0 0 0 
0 5 54011 0 0 0 0 0 0 0 0 0 0 0 0 
6 61001 0 0 0 0 0 0 0 0 0 0 0 0 0 
54013 0 0 0 0 0 0 0 0 0 0 0 0 0 0 
3 61012 0 0 0 0 0 0 0 0 0 0 0 0 0 
54006 63002 63009 63013 0 0 0 0 0 0 0 0 0 0 0 
3 54012 54013 54014 0 0 0 0 0 0 0 0 0 0 0 
54014 63004 63009 63010 63012 0 0 0 0 0 0 0 0 0 0 


0 0 0 0 0 0 0 0 0 0 0 0 0 0 0 
55007 64002 64008 0 0 0 0 0 0 0 0 0 0 0 0 
11 62012 0 0 0 0 0 0 0 0 0 0 0 0 0 
0 0 0 0 0 0 0 0 0 0 0 0 0 0 0 
5 10 62014 0 0 0 0 0 0 0 0 0 0 0 0 
4 0 0 0 0 0 0 0 0 0 0 0 0 0 0 
11 55014 64001 0 0 0 0 0 0 0 0 0 0 0 0 
55014 64012 0 0 0 0 0 0 0 0 0 0 0 0 0 
0 0 0 0 0 0 0 0 0 0 0 0 0 0 0 
62003 62012 62014 0 0 0 0 0 0 0 0 0 0 0 0 
4 62014 0 0 0 0 0 0 0 0 0 0 0 0 0 
2 6 0 0 0 0 0 0 0 0 0 0 0 0 0 
62014 55009 64004 64008 0 0 0 0 0 0 0 0 0 0 0 
62012 55009 0 0 0 0 0 0 0 0 0 0 0 0 0 
55013 0 0 0 0 0 0 0 0 0 0 0 0 0 0 


3 0 0 0 0 0 0 0 0 0 0 0 0 0 0 
3 5 63006 0 0 0 0 0 0 0 0 0 0 0 0 
14 63001 56011 0 0 0 0 0 0 0 0 0 0 0 0 
0 1 7 9 0 0 0 0 0 0 0 0 0 0 0 
63012 0 0 0 0 0 0 0 0 0 0 0 0 0 0 
1 0 0 0 0 0 0 0 0 0 0 0 0 0 0 
0 0 0 0 0 0 0 0 0 0 0 0 0 0 0 
3 11 0 0 0 0 0 0 0 0 0 0 0 0 0 
13 63001 63012 0 0 0 0 0 0 0 0 0 0 0 0 
3 0 0 0 0 0 0 0 0 0 0 0 0 0 0 
56011 0 0 0 0 0 0 0 0 0 0 0 0 0 0 
7 0 0 0 0 0 0 0 0 0 0 0 0 0 0 
63007 56001 0 0 0 0 0 0 0 0 0 0 0 0 0 
8 0 0 0 0 0 0 0 0 0 0 0 0 0 0 
2 56001 56007 0 0 0 0 0 0 0 0 0 0 0 0 


