25 29 31 86 0 0 0 0 0 0 0 0 0 0 0 
34 69 85 2055 11012 11054 0 0 0 0 0 0 0 0 0 
11 14 55 71 81 0 0 0 0 0 0 0 0 0 0 
13 32 60 83 91 0 0 0 0 0 0 0 0 0 0 
27 54 60 77 0 0 0 0 0 0 0 0 0 0 0 
35 53 98 2031 11012 0 0 0 0 0 0 0 0 0 0 
46 51 81 0 0 0 0 0 0 0 0 0 0 0 0 
17 39 48 57 84 0 0 0 0 0 0 0 0 0 0 
19 37 43 52 72 78 0 0 0 0 0 0 0 0 0 
16 11090 0 0 0 0 0 0 0 0 0 0 0 0 0 
12 22 41 65 85 11074 0 0 0 0 0 0 0 0 0 
2 37 60 71 99 0 0 0 0 0 0 0 0 0 0 
10 14 11008 11030 11037 11081 0 0 0 0 0 0 0 0 0 
3 42 49 65 76 83 97 0 0 0 0 0 0 0 0 
2 12 22 79 11098 0 0 0 0 0 0 0 0 0 0 
20 27 32 0 0 0 0 0 0 0 0 0 0 0 0 
9 99 11030 0 0 0 0 0 0 0 0 0 0 0 0 
7 40 48 0 0 0 0 0 0 0 0 0 0 0 0 
28 33 89 2066 2071 2090 0 0 0 0 0 0 0 0 0 
8 51 0 0 0 0 0 0 0 0 0 0 0 0 0 
15 11011 0 0 0 0 0 0 0 0 0 0 0 0 0 
25 28 29 82 0 0 0 0 0 0 0 0 0 0 0 
10 14 32 62 0 0 0 0 0 0 0 0 0 0 0 
44 61 68 75 0 0 0 0 0 0 0 0 0 0 0 
65 76 95 0 0 0 0 0 0 0 0 0 0 0 0 
0 21 42 45 56 86 0 0 0 0 0 0 0 0 0 
38 60 70 77 0 0 0 0 0 0 0 0 0 0 0 
4 15 60 90 0 0 0 0 0 0 0 0 0 0 0 
18 21 94 2014 2030 2090 0 0 0 0 0 0 0 0 0 
2028 21 30 53 2030 0 0 0 0 0 0 0 0 0 0 
29 35 2002 2045 2051 0 0 0 0 0 0 0 0 0 0 
2040 53 63 86 97 0 0 0 0 0 0 0 0 0 0 
3 15 22 59 60 76 99 0 0 0 0 0 0 0 0 
18 35 64 2071 0 0 0 0 0 0 0 0 0 0 0 
1 89 96 2023 2024 2037 0 0 0 0 0 0 0 0 0 
5 30 33 80 0 0 0 0 0 0 0 0 0 0 0 
39 45 73 77 0 0 0 0 0 0 0 0 0 0 0 
8 11 38 43 61 91 0 0 0 0 0 0 0 0 0 
26 37 43 52 84 90 0 0 0 0 0 0 0 0 0 
7 36 0 0 0 0 0 0 0 0 0 0 0 0 0 
17 52 78 0 0 0 0 0 0 0 0 0 0 0 0 
10 67 11037 11047 11062 0 0 0 0 0 0 0 0 0 0 
13 25 70 80 97 0 0 0 0 0 0 0 0 0 0 
8 37 38 70 78 84 88 0 0 0 0 0 0 0 0 
23 72 88 0 0 0 0 0 0 0 0 0 0 0 0 
25 36 86 0 0 0 0 0 0 0 0 0 0 0 0 
6 55 0 0 0 0 0 0 0 0 0 0 0 0 0 
2028 2075 0 0 0 0 0 0 0 0 0 0 0 0 0 
7 17 54 60 77 0 0 0 0 0 0 0 0 0 0 
13 66 0 0 0 0 0 0 0 0 0 0 0 0 0 
75 79 96 11035 0 0 0 0 0 0 0 0 0 0 0 
6 19 52 61 71 0 0 0 0 0 0 0 0 0 0 
8 38 40 51 0 0 0 0 0 0 0 0 0 0 0 
5 29 31 83 0 0 0 0 0 0 0 0 0 0 0 
4 48 57 0 0 0 0 0 0 0 0 0 0 0 0 
2 46 93 11040 0 0 0 0 0 0 0 0 0 0 0 
25 86 2026 0 0 0 0 0 0 0 0 0 0 0 0 
7 54 0 0 0 0 0 0 0 0 0 0 0 0 0 
92 0 0 0 0 0 0 0 0 0 0 0 0 0 0 
32 11008 0 0 0 0 0 0 0 0 0 0 0 0 0 
3 4 11 26 27 32 48 0 0 0 0 0 0 0 0 
23 37 51 81 0 0 0 0 0 0 0 0 0 0 0 
22 75 91 0 0 0 0 0 0 0 0 0 0 0 0 
31 2040 2051 2081 2089 0 0 0 0 0 0 0 0 0 0 
33 68 96 0 0 0 0 0 0 0 0 0 0 0 0 
10 13 24 67 83 0 0 0 0 0 0 0 0 0 0 
49 2031 0 0 0 0 0 0 0 0 0 0 0 0 0 
41 65 98 0 0 0 0 0 0 0 0 0 0 0 0 
23 64 80 87 91 92 94 0 0 0 0 0 0 0 0 
1 96 11033 11035 0 0 0 0 0 0 0 0 0 0 0 
26 42 43 80 82 0 0 0 0 0 0 0 0 0 0 
2 11 51 0 0 0 0 0 0 0 0 0 0 0 0 
8 44 0 0 0 0 0 0 0 0 0 0 0 0 0 
36 82 84 0 0 0 0 0 0 0 0 0 0 0 0 
79 11049 11052 11071 11074 11098 0 0 0 0 0 0 0 0 0 
23 50 62 0 0 0 0 0 0 0 0 0 0 0 0 
13 24 32 77 0 0 0 0 0 0 0 0 0 0 0 
4 26 36 48 76 97 0 0 0 0 0 0 0 0 0 
8 40 43 84 88 0 0 0 0 0 0 0 0 0 0 
14 50 74 85 0 0 0 0 0 0 0 0 0 0 0 
35 42 68 70 83 87 0 0 0 0 0 0 0 0 0 
2 6 61 0 0 0 0 0 0 0 0 0 0 0 0 
21 70 73 92 0 0 0 0 0 0 0 0 0 0 0 
3 13 53 65 80 85 0 0 0 0 0 0 0 0 0 
7 38 43 73 78 0 0 0 0 0 0 0 0 0 0 
1 10 79 83 87 0 0 0 0 0 0 0 0 0 0 
2040 25 31 45 56 97 0 0 0 0 0 0 0 0 0 
68 80 85 91 96 0 0 0 0 0 0 0 0 0 0 
43 44 78 92 0 0 0 0 0 0 0 0 0 0 0 
18 34 96 2066 0 0 0 0 0 0 0 0 0 0 0 
27 38 0 0 0 0 0 0 0 0 0 0 0 0 0 
3 37 62 68 87 0 0 0 0 0 0 0 0 0 0 
58 68 82 88 94 0 0 0 0 0 0 0 0 0 0 
55 11040 11051 11090 11095 11098 0 0 0 0 0 0 0 0 0 
28 68 92 0 0 0 0 0 0 0 0 0 0 0 0 
24 11036 0 0 0 0 0 0 0 0 0 0 0 0 0 
34 50 64 69 87 89 0 0 0 0 0 0 0 0 0 
13 31 42 77 86 0 0 0 0 0 0 0 0 0 0 
5 67 2031 11012 11029 11047 0 0 0 0 0 0 0 0 0 
11 16 32 0 0 0 0 0 0 0 0 0 0 0 0 


6 33 46 76 93 0 0 0 0 0 0 0 0 0 0 
97 12049 12070 12088 12089 0 0 0 0 0 0 0 0 0 0 
15 27 31 45 1030 0 0 0 0 0 0 0 0 0 0 
5 9 0 0 0 0 0 0 0 0 0 0 0 0 0 
19 29 41 61 62 65 0 0 0 0 0 0 0 0 0 
3 39 67 74 99 0 0 0 0 0 0 0 0 0 0 
0 18 30 47 76 86 0 0 0 0 0 0 0 0 0 
58 95 3020 0 0 0 0 0 0 0 0 0 0 0 0 
50 12009 12046 12049 0 0 0 0 0 0 0 0 0 0 0 
3 69 94 0 0 0 0 0 0 0 0 0 0 0 0 
43 93 0 0 0 0 0 0 0 0 0 0 0 0 0 
43 61 3052 3094 0 0 0 0 0 0 0 0 0 0 0 
17 12029 12042 12060 12088 12097 0 0 0 0 0 0 0 0 0 
20 51 74 78 88 0 0 0 0 0 0 0 0 0 0 
75 90 1028 0 0 0 0 0 0 0 0 0 0 0 0 
2 22 51 53 88 89 0 0 0 0 0 0 0 0 0 
90 0 0 0 0 0 0 0 0 0 0 0 0 0 0 
12 60 0 0 0 0 0 0 0 0 0 0 0 0 0 
6 47 68 0 0 0 0 0 0 0 0 0 0 0 0 
4 42 64 76 86 87 0 0 0 0 0 0 0 0 0 
13 25 36 74 94 0 0 0 0 0 0 0 0 0 0 
25 68 76 87 0 0 0 0 0 0 0 0 0 0 0 
15 42 65 70 97 0 0 0 0 0 0 0 0 0 0 
24 34 66 1034 0 0 0 0 0 0 0 0 0 0 0 
23 37 50 1034 12009 12089 0 0 0 0 0 0 0 0 0 
20 21 42 69 74 0 0 0 0 0 0 0 0 0 0 
40 44 94 1056 0 0 0 0 0 0 0 0 0 0 0 
2 12096 12097 0 0 0 0 0 0 0 0 0 0 0 0 
30 36 40 44 83 1029 1047 0 0 0 0 0 0 0 0 
4 52 65 70 73 12049 0 0 0 0 0 0 0 0 0 
6 28 71 83 1028 1029 0 0 0 0 0 0 0 0 0 
2 1005 1066 1098 12096 0 0 0 0 0 0 0 0 0 0 
35 48 92 96 3031 0 0 0 0 0 0 0 0 0 0 
0 62 66 86 0 0 0 0 0 0 0 0 0 0 0 
23 50 70 0 0 0 0 0 0 0 0 0 0 0 0 
32 68 93 3031 0 0 0 0 0 0 0 0 0 0 0 
20 28 42 44 0 0 0 0 0 0 0 0 0 0 0 
24 45 50 55 1034 0 0 0 0 0 0 0 0 0 0 
56 57 67 3035 3047 3057 0 0 0 0 0 0 0 0 0 
5 59 64 69 80 96 0 0 0 0 0 0 0 0 0 
26 28 81 1031 1063 1086 0 0 0 0 0 0 0 0 0 
4 56 64 0 0 0 0 0 0 0 0 0 0 0 0 
19 22 25 36 47 78 86 0 0 0 0 0 0 0 0 
10 11 62 3052 0 0 0 0 0 0 0 0 0 0 0 
26 28 36 94 0 0 0 0 0 0 0 0 0 0 0 
2 37 71 83 86 1030 0 0 0 0 0 0 0 0 0 
0 0 0 0 0 0 0 0 0 0 0 0 0 0 0 
6 18 42 72 83 0 0 0 0 0 0 0 0 0 0 
32 98 3006 3027 3093 0 0 0 0 0 0 0 0 0 0 
57 73 91 12028 0 0 0 0 0 0 0 0 0 0 0 
8 24 34 37 70 97 0 0 0 0 0 0 0 0 0 
13 15 81 83 89 1030 1063 0 0 0 0 0 0 0 0 
29 84 0 0 0 0 0 0 0 0 0 0 0 0 0 
15 82 89 12042 0 0 0 0 0 0 0 0 0 0 0 
82 88 0 0 0 0 0 0 0 0 0 0 0 0 0 
37 1001 12072 12089 12096 0 0 0 0 0 0 0 0 0 0 
38 41 80 3047 3052 3057 0 0 0 0 0 0 0 0 0 
38 49 63 3020 3046 0 0 0 0 0 0 0 0 0 0 
7 67 74 88 0 0 0 0 0 0 0 0 0 0 0 
39 96 99 3057 0 0 0 0 0 0 0 0 0 0 0 
17 65 73 88 95 0 0 0 0 0 0 0 0 0 0 
4 11 84 3052 0 0 0 0 0 0 0 0 0 0 0 
4 33 43 93 0 0 0 0 0 0 0 0 0 0 0 
57 79 95 3020 12011 0 0 0 0 0 0 0 0 0 0 
19 39 41 78 80 0 0 0 0 0 0 0 0 0 0 
4 22 29 60 73 91 0 0 0 0 0 0 0 0 0 
23 33 71 1018 1089 0 0 0 0 0 0 0 0 0 0 
5 38 58 91 3083 0 0 0 0 0 0 0 0 0 0 
18 21 35 92 0 0 0 0 0 0 0 0 0 0 0 
9 25 39 92 0 0 0 0 0 0 0 0 0 0 0 
22 29 34 50 86 97 0 0 0 0 0 0 0 0 0 
30 45 66 1018 1033 0 0 0 0 0 0 0 0 0 0 
47 0 0 0 0 0 0 0 0 0 0 0 0 0 0 
29 49 60 65 85 0 0 0 0 0 0 0 0 0 0 
5 13 20 25 58 0 0 0 0 0 0 0 0 0 0 
14 1047 0 0 0 0 0 0 0 0 0 0 0 0 0 
0 6 19 21 86 0 0 0 0 0 0 0 0 0 0 
95 12013 12026 12060 0 0 0 0 0 0 0 0 0 0 0 
13 42 64 0 0 0 0 0 0 0 0 0 0 0 0 
63 3040 3041 12011 12082 0 0 0 0 0 0 0 0 0 0 
39 56 64 3006 0 0 0 0 0 0 0 0 0 0 0 
40 51 1063 0 0 0 0 0 0 0 0 0 0 0 0 
53 54 12060 12080 0 0 0 0 0 0 0 0 0 0 0 
28 30 45 47 51 86 0 0 0 0 0 0 0 0 0 
52 61 85 3094 12005 12094 0 0 0 0 0 0 0 0 0 
73 84 3087 12013 12028 12049 12081 0 0 0 0 0 0 0 0 
6 19 33 42 45 70 76 83 0 0 0 0 0 0 0 
19 21 0 0 0 0 0 0 0 0 0 0 0 0 0 
13 15 54 58 60 0 0 0 0 0 0 0 0 0 0 
15 51 53 1063 0 0 0 0 0 0 0 0 0 0 0 
14 16 1018 1028 0 0 0 0 0 0 0 0 0 0 0 
49 65 67 0 0 0 0 0 0 0 0 0 0 0 0 
32 68 69 96 0 0 0 0 0 0 0 0 0 0 0 
0 10 35 62 0 0 0 0 0 0 0 0 0 0 0 
9 20 26 44 0 0 0 0 0 0 0 0 0 0 0 
7 60 63 77 0 0 0 0 0 0 0 0 0 0 0 
32 39 59 92 0 0 0 0 0 0 0 0 0 0 0 
1 22 50 70 0 0 0 0 0 0 0 0 0 0 0 
48 3006 3023 3026 3049 3081 0 0 0 0 0 0 0 0 0 
5 59 3038 3096 0 0 0 0 0 0 0 0 0 0 0 


4 62 99 0 0 0 0 0 0 0 0 0 0 0 0 
17 18 32 0 0 0 0 0 0 0 0 0 0 0 0 
25 58 63 13003 0 0 0 0 0 0 0 0 0 0 0 
58 59 13038 13049 0 0 0 0 0 0 0 0 0 0 0 
0 19 21 56 60 97 0 0 0 0 0 0 0 0 0 
39 43 61 90 0 0 0 0 0 0 0 0 0 0 0 
13 71 81 2048 2080 2098 0 0 0 0 0 0 0 0 0 
39 71 0 0 0 0 0 0 0 0 0 0 0 0 0 
33 37 4027 13078 13092 0 0 0 0 0 0 0 0 0 0 
32 85 4042 4086 4092 0 0 0 0 0 0 0 0 0 0 
45 67 84 0 0 0 0 0 0 0 0 0 0 0 0 
28 48 77 13065 0 0 0 0 0 0 0 0 0 0 0 
16 34 58 75 79 95 0 0 0 0 0 0 0 0 0 
6 45 49 51 57 0 0 0 0 0 0 0 0 0 0 
53 84 97 0 0 0 0 0 0 0 0 0 0 0 0 
17 50 81 86 89 0 0 0 0 0 0 0 0 0 0 
12 21 30 56 86 92 99 0 0 0 0 0 0 0 0 
1 15 29 65 82 0 0 0 0 0 0 0 0 0 0 
1 50 55 67 0 0 0 0 0 0 0 0 0 0 0 
4 21 62 65 69 95 0 0 0 0 0 0 0 0 0 
35 41 2007 2057 2063 13000 0 0 0 0 0 0 0 0 0 
4 16 19 56 84 86 0 0 0 0 0 0 0 0 0 
43 59 13001 13062 0 0 0 0 0 0 0 0 0 0 0 
45 2098 0 0 0 0 0 0 0 0 0 0 0 0 0 
85 95 4080 4083 4092 0 0 0 0 0 0 0 0 0 0 
2 77 13012 13041 13051 0 0 0 0 0 0 0 0 0 0 
44 81 89 2098 0 0 0 0 0 0 0 0 0 0 0 
49 2048 0 0 0 0 0 0 0 0 0 0 0 0 0 
11 30 34 0 0 0 0 0 0 0 0 0 0 0 0 
17 32 43 61 0 0 0 0 0 0 0 0 0 0 0 
16 28 72 0 0 0 0 0 0 0 0 0 0 0 0 
2032 2035 0 0 0 0 0 0 0 0 0 0 0 0 0 
1 9 29 33 64 74 0 0 0 0 0 0 0 0 0 
8 32 4001 4092 0 0 0 0 0 0 0 0 0 0 0 
12 28 42 48 79 13003 0 0 0 0 0 0 0 0 0 
20 68 2038 0 0 0 0 0 0 0 0 0 0 0 0 
37 43 74 13062 0 0 0 0 0 0 0 0 0 0 0 
8 36 13022 13038 13062 0 0 0 0 0 0 0 0 0 0 
83 96 2099 0 0 0 0 0 0 0 0 0 0 0 0 
5 7 90 94 13023 0 0 0 0 0 0 0 0 0 0 
41 46 48 2079 13000 13033 13042 0 0 0 0 0 0 0 0 
20 40 68 2079 13000 13033 0 0 0 0 0 0 0 0 0 
34 58 59 75 90 0 0 0 0 0 0 0 0 0 0 
5 22 29 36 58 82 0 0 0 0 0 0 0 0 0 
26 67 89 0 0 0 0 0 0 0 0 0 0 0 0 
10 13 23 49 53 86 0 0 0 0 0 0 0 0 0 
40 47 87 98 2057 0 0 0 0 0 0 0 0 0 0 
46 51 68 91 2038 2056 0 0 0 0 0 0 0 0 0 
11 34 40 59 13032 13065 0 0 0 0 0 0 0 0 0 
13 27 45 2098 0 0 0 0 0 0 0 0 0 0 0 
15 18 67 69 85 0 0 0 0 0 0 0 0 0 0 
13 47 71 82 0 0 0 0 0 0 0 0 0 0 0 
71 91 2011 2043 2056 2061 0 0 0 0 0 0 0 0 0 
14 45 70 84 92 0 0 0 0 0 0 0 0 0 0 
63 99 4051 0 0 0 0 0 0 0 0 0 0 0 0 
18 4078 4085 0 0 0 0 0 0 0 0 0 0 0 0 
4 16 21 92 0 0 0 0 0 0 0 0 0 0 0 
13 72 2038 2056 2059 0 0 0 0 0 0 0 0 0 0 
2 3 12 42 43 64 74 0 0 0 0 0 0 0 0 
3 22 42 48 98 13003 13032 0 0 0 0 0 0 0 0 
4 4087 0 0 0 0 0 0 0 0 0 0 0 0 0 
5 29 81 0 0 0 0 0 0 0 0 0 0 0 0 
4017 19 4051 4099 0 0 0 0 0 0 0 0 0 0 0 
2 54 4026 4080 0 0 0 0 0 0 0 0 0 0 0 
32 58 65 74 88 0 0 0 0 0 0 0 0 0 0 
17 19 64 86 0 0 0 0 0 0 0 0 0 0 0 
69 97 4069 4087 0 0 0 0 0 0 0 0 0 0 0 
10 18 44 50 78 0 0 0 0 0 0 0 0 0 0 
35 41 47 0 0 0 0 0 0 0 0 0 0 0 0 
19 50 66 76 84 4069 0 0 0 0 0 0 0 0 0 
53 92 96 0 0 0 0 0 0 0 0 0 0 0 0 
6 7 51 52 90 93 0 0 0 0 0 0 0 0 0 
30 57 75 86 92 0 0 0 0 0 0 0 0 0 0 
78 85 4042 4069 4078 0 0 0 0 0 0 0 0 0 0 
32 36 58 64 13078 0 0 0 0 0 0 0 0 0 0 
12 42 72 0 0 0 0 0 0 0 0 0 0 0 0 
69 4017 4069 4087 0 0 0 0 0 0 0 0 0 0 0 
11 25 13017 13065 0 0 0 0 0 0 0 0 0 0 0 
67 73 4069 0 0 0 0 0 0 0 0 0 0 0 0 
12 34 99 0 0 0 0 0 0 0 0 0 0 0 0 
96 0 0 0 0 0 0 0 0 0 0 0 0 0 0 
6 15 26 61 93 2098 0 0 0 0 0 0 0 0 0 
17 43 51 86 0 0 0 0 0 0 0 0 0 0 0 
38 2067 0 0 0 0 0 0 0 0 0 0 0 0 0 
10 14 21 53 69 97 0 0 0 0 0 0 0 0 0 
9 24 50 73 0 0 0 0 0 0 0 0 0 0 0 
15 16 21 45 65 72 82 0 0 0 0 0 0 0 0 
46 94 2085 0 0 0 0 0 0 0 0 0 0 0 0 
64 4080 13078 0 0 0 0 0 0 0 0 0 0 0 0 
15 26 44 0 0 0 0 0 0 0 0 0 0 0 0 
5 39 42 71 91 0 0 0 0 0 0 0 0 0 0 
47 52 90 94 0 0 0 0 0 0 0 0 0 0 0 
16 53 56 70 72 0 0 0 0 0 0 0 0 0 0 
71 81 2048 0 0 0 0 0 0 0 0 0 0 0 0 
39 87 91 2011 2084 13023 0 0 0 0 0 0 0 0 0 
12 19 24 0 0 0 0 0 0 0 0 0 0 0 0 
38 70 80 2099 0 0 0 0 0 0 0 0 0 0 0 
4 14 66 84 0 0 0 0 0 0 0 0 0 0 0 
46 59 13001 13032 13035 0 0 0 0 0 0 0 0 0 0 
0 16 54 79 0 0 0 0 0 0 0 0 0 0 0 


13 14 15 0 0 0 0 0 0 0 0 0 0 0 0 
25 27 60 95 3033 0 0 0 0 0 0 0 0 0 0 
8 25 53 82 83 90 0 0 0 0 0 0 0 0 0 
93 14005 14027 0 0 0 0 0 0 0 0 0 0 0 0 
68 78 0 0 0 0 0 0 0 0 0 0 0 0 0 
29 14011 14019 14074 0 0 0 0 0 0 0 0 0 0 0 
8 43 46 68 0 0 0 0 0 0 0 0 0 0 0 
29 49 52 81 0 0 0 0 0 0 0 0 0 0 0 
2 6 64 98 0 0 0 0 0 0 0 0 0 0 0 
58 67 77 14000 0 0 0 0 0 0 0 0 0 0 0 
20 26 14000 0 0 0 0 0 0 0 0 0 0 0 0 
60 80 14075 14087 0 0 0 0 0 0 0 0 0 0 0 
19 30 45 56 0 0 0 0 0 0 0 0 0 0 0 
5095 15 28 0 0 0 0 0 0 0 0 0 0 0 0 
5095 19 28 88 0 0 0 0 0 0 0 0 0 0 0 
5014 13 63 5095 0 0 0 0 0 0 0 0 0 0 0 
52 74 5039 5063 0 0 0 0 0 0 0 0 0 0 0 
45 48 83 99 3062 3076 0 0 0 0 0 0 0 0 0 
27 86 94 0 0 0 0 0 0 0 0 0 0 0 0 
12 14 28 36 72 84 0 0 0 0 0 0 0 0 0 
10 25 45 80 83 0 0 0 0 0 0 0 0 0 0 
59 5008 5023 5029 5042 5061 5094 0 0 0 0 0 0 0 0 
35 73 87 0 0 0 0 0 0 0 0 0 0 0 0 
24 14011 14022 0 0 0 0 0 0 0 0 0 0 0 0 
23 25 29 90 0 0 0 0 0 0 0 0 0 0 0 
1 2 20 24 50 92 0 0 0 0 0 0 0 0 0 
10 51 76 3063 14087 0 0 0 0 0 0 0 0 0 0 
1 18 86 3008 0 0 0 0 0 0 0 0 0 0 0 
13 14 19 75 96 0 0 0 0 0 0 0 0 0 0 
5 7 24 90 14074 0 0 0 0 0 0 0 0 0 0 
12 70 73 82 96 0 0 0 0 0 0 0 0 0 0 
44 46 54 79 98 0 0 0 0 0 0 0 0 0 0 
47 5023 0 0 0 0 0 0 0 0 0 0 0 0 0 
49 67 14028 14066 14074 0 0 0 0 0 0 0 0 0 0 
66 5027 5039 5069 5080 0 0 0 0 0 0 0 0 0 0 
22 0 0 0 0 0 0 0 0 0 0 0 0 0 0 
19 41 58 82 0 0 0 0 0 0 0 0 0 0 0 
47 70 81 82 0 0 0 0 0 0 0 0 0 0 0 
54 57 63 79 0 0 0 0 0 0 0 0 0 0 0 
47 50 62 67 90 0 0 0 0 0 0 0 0 0 0 
75 88 5008 0 0 0 0 0 0 0 0 0 0 0 0 
36 47 59 71 84 93 0 0 0 0 0 0 0 0 0 
53 85 92 3009 3073 0 0 0 0 0 0 0 0 0 0 
6 57 79 91 98 0 0 0 0 0 0 0 0 0 0 
31 48 69 78 0 0 0 0 0 0 0 0 0 0 0 
12 17 20 58 82 89 0 0 0 0 0 0 0 0 0 
6 31 79 0 0 0 0 0 0 0 0 0 0 0 0 
32 37 39 41 0 0 0 0 0 0 0 0 0 0 0 
17 44 53 73 82 0 0 0 0 0 0 0 0 0 0 
7 33 5004 0 0 0 0 0 0 0 0 0 0 0 0 
25 39 58 14000 0 0 0 0 0 0 0 0 0 0 0 
26 89 99 3054 3062 0 0 0 0 0 0 0 0 0 0 
7 16 65 5004 5023 0 0 0 0 0 0 0 0 0 0 
2 42 48 68 83 98 0 0 0 0 0 0 0 0 0 
31 38 61 70 73 0 0 0 0 0 0 0 0 0 0 
84 93 5061 14032 0 0 0 0 0 0 0 0 0 0 0 
12 0 0 0 0 0 0 0 0 0 0 0 0 0 0 
38 43 65 66 70 74 0 0 0 0 0 0 0 0 0 
9 36 45 50 77 0 0 0 0 0 0 0 0 0 0 
21 41 72 88 5008 5061 0 0 0 0 0 0 0 0 0 
1 11 0 0 0 0 0 0 0 0 0 0 0 0 0 
54 70 75 96 0 0 0 0 0 0 0 0 0 0 0 
39 95 14000 14006 14021 14074 0 0 0 0 0 0 0 0 0 
15 38 5027 0 0 0 0 0 0 0 0 0 0 0 0 
8 68 86 0 0 0 0 0 0 0 0 0 0 0 0 
52 57 72 5023 0 0 0 0 0 0 0 0 0 0 0 
34 57 74 97 5068 0 0 0 0 0 0 0 0 0 0 
9 33 39 93 14027 14028 0 0 0 0 0 0 0 0 0 
4 6 53 64 85 0 0 0 0 0 0 0 0 0 0 
44 3066 3069 3073 3076 3078 0 0 0 0 0 0 0 0 0 
30 37 54 57 61 72 82 98 0 0 0 0 0 0 0 
41 5055 5061 14032 0 0 0 0 0 0 0 0 0 0 0 
19 59 65 70 75 0 0 0 0 0 0 0 0 0 0 
22 30 48 54 96 0 0 0 0 0 0 0 0 0 0 
16 57 66 91 5069 0 0 0 0 0 0 0 0 0 0 
28 40 61 72 0 0 0 0 0 0 0 0 0 0 0 
26 77 0 0 0 0 0 0 0 0 0 0 0 0 0 
9 58 76 0 0 0 0 0 0 0 0 0 0 0 0 
4 44 3055 3073 0 0 0 0 0 0 0 0 0 0 0 
31 38 43 46 97 0 0 0 0 0 0 0 0 0 0 
11 20 3024 3063 3088 0 0 0 0 0 0 0 0 0 0 
7 37 90 91 94 0 0 0 0 0 0 0 0 0 0 
2 30 36 37 45 48 70 0 0 0 0 0 0 0 0 
2 17 20 53 92 3024 0 0 0 0 0 0 0 0 0 
19 41 55 5034 0 0 0 0 0 0 0 0 0 0 0 
42 68 3055 0 0 0 0 0 0 0 0 0 0 0 0 
18 27 64 92 3009 0 0 0 0 0 0 0 0 0 0 
22 3060 3066 3076 0 0 0 0 0 0 0 0 0 0 0 
14 40 59 5008 5014 5034 0 0 0 0 0 0 0 0 0 
45 51 0 0 0 0 0 0 0 0 0 0 0 0 0 
2 24 29 39 81 0 0 0 0 0 0 0 0 0 0 
43 74 81 0 0 0 0 0 0 0 0 0 0 0 0 
25 42 83 86 3009 3024 3033 0 0 0 0 0 0 0 0 
3 41 55 67 14032 0 0 0 0 0 0 0 0 0 0 
18 81 0 0 0 0 0 0 0 0 0 0 0 0 0 
1 62 14000 14021 14022 0 0 0 0 0 0 0 0 0 0 
28 30 61 73 0 0 0 0 0 0 0 0 0 0 0 
66 79 5068 0 0 0 0 0 0 0 0 0 0 0 0 
8 31 43 53 70 0 0 0 0 0 0 0 0 0 0 
17 51 3062 0 0 0 0 0 0 0 0 0 0 0 0 


1 17 65 78 0 0 0 0 0 0 0 0 0 0 0 
0 10 29 59 73 85 0 0 0 0 0 0 0 0 0 
26 50 63 97 0 0 0 0 0 0 0 0 0 0 0 
10 24 33 46 48 0 0 0 0 0 0 0 0 0 0 
23 63 81 94 4049 4052 0 0 0 0 0 0 0 0 0 
19 32 54 0 0 0 0 0 0 0 0 0 0 0 0 
9 44 60 6003 15013 0 0 0 0 0 0 0 0 0 0 
12 21 30 47 72 0 0 0 0 0 0 0 0 0 0 
12 29 36 69 4021 4040 4059 4088 0 0 0 0 0 0 0 
6 44 92 6074 6088 6099 15013 15071 0 0 0 0 0 0 0 
1 3 76 0 0 0 0 0 0 0 0 0 0 0 0 
25 44 98 15001 15014 0 0 0 0 0 0 0 0 0 0 
7 8 59 97 0 0 0 0 0 0 0 0 0 0 0 
77 90 99 0 0 0 0 0 0 0 0 0 0 0 0 
28 59 77 95 99 4015 4088 0 0 0 0 0 0 0 0 
16 42 66 88 89 15041 0 0 0 0 0 0 0 0 0 
15 29 38 46 73 0 0 0 0 0 0 0 0 0 0 
0 70 78 90 91 0 0 0 0 0 0 0 0 0 0 
71 6019 6020 6039 6092 0 0 0 0 0 0 0 0 0 0 
5 80 97 0 0 0 0 0 0 0 0 0 0 0 0 
46 84 88 92 15092 0 0 0 0 0 0 0 0 0 0 
7 29 30 50 82 0 0 0 0 0 0 0 0 0 0 
57 98 15014 15056 0 0 0 0 0 0 0 0 0 0 0 
4 36 69 4021 4032 4052 4065 0 0 0 0 0 0 0 0 
3 33 6017 6030 6072 6089 0 0 0 0 0 0 0 0 0 
11 40 66 15005 15018 15079 15085 0 0 0 0 0 0 0 0 
2 56 60 98 0 0 0 0 0 0 0 0 0 0 0 
28 86 4034 4063 0 0 0 0 0 0 0 0 0 0 0 
14 27 47 59 0 0 0 0 0 0 0 0 0 0 0 
1 8 16 21 37 42 85 4021 0 0 0 0 0 0 0 
7 21 33 45 76 0 0 0 0 0 0 0 0 0 0 
56 0 0 0 0 0 0 0 0 0 0 0 0 0 0 
5 54 72 79 0 0 0 0 0 0 0 0 0 0 0 
3 24 30 48 53 6089 0 0 0 0 0 0 0 0 0 
61 85 4084 4088 0 0 0 0 0 0 0 0 0 0 0 
78 96 6053 6094 0 0 0 0 0 0 0 0 0 0 0 
8 23 56 0 0 0 0 0 0 0 0 0 0 0 0 
29 42 49 94 0 0 0 0 0 0 0 0 0 0 0 
16 40 46 82 0 0 0 0 0 0 0 0 0 0 0 
97 4016 4034 0 0 0 0 0 0 0 0 0 0 0 0 
25 38 49 88 92 15018 0 0 0 0 0 0 0 0 0 
57 81 0 0 0 0 0 0 0 0 0 0 0 0 0 
15 29 37 43 93 4021 0 0 0 0 0 0 0 0 0 
42 61 62 85 89 0 0 0 0 0 0 0 0 0 0 
6 9 11 49 82 0 0 0 0 0 0 0 0 0 0 
30 51 60 72 79 87 0 0 0 0 0 0 0 0 0 
3 16 20 38 58 73 75 0 0 0 0 0 0 0 0 
7 28 67 74 0 0 0 0 0 0 0 0 0 0 0 
3 33 51 82 92 6074 0 0 0 0 0 0 0 0 0 
37 40 44 57 66 98 0 0 0 0 0 0 0 0 0 
2 21 64 82 97 0 0 0 0 0 0 0 0 0 0 
45 48 60 6003 6074 6078 6089 0 0 0 0 0 0 0 0 
62 15010 15041 0 0 0 0 0 0 0 0 0 0 0 0 
33 71 76 83 87 0 0 0 0 0 0 0 0 0 0 
5 32 67 71 87 0 0 0 0 0 0 0 0 0 0 
62 93 4071 15028 0 0 0 0 0 0 0 0 0 0 0 
26 31 36 94 0 0 0 0 0 0 0 0 0 0 0 
22 41 49 94 15005 0 0 0 0 0 0 0 0 0 0 
46 65 84 6049 0 0 0 0 0 0 0 0 0 0 0 
1 12 14 28 76 90 0 0 0 0 0 0 0 0 0 
6 26 45 51 0 0 0 0 0 0 0 0 0 0 0 
34 43 4021 4055 4059 4071 0 0 0 0 0 0 0 0 0 
43 52 55 0 0 0 0 0 0 0 0 0 0 0 0 
2 4 4016 0 0 0 0 0 0 0 0 0 0 0 0 
50 72 0 0 0 0 0 0 0 0 0 0 0 0 0 
0 58 96 0 0 0 0 0 0 0 0 0 0 0 0 
15 25 49 93 15005 15041 15058 15085 0 0 0 0 0 0 0 
47 54 91 0 0 0 0 0 0 0 0 0 0 0 0 
4066 4097 0 0 0 0 0 0 0 0 0 0 0 0 0 
8 23 4034 4074 0 0 0 0 0 0 0 0 0 0 0 
17 83 6094 0 0 0 0 0 0 0 0 0 0 0 0 
18 53 54 6019 6047 0 0 0 0 0 0 0 0 0 0 
7 32 45 64 74 87 0 0 0 0 0 0 0 0 0 
1 16 46 85 89 0 0 0 0 0 0 0 0 0 0 
47 72 86 0 0 0 0 0 0 0 0 0 0 0 0 
46 89 15088 15092 0 0 0 0 0 0 0 0 0 0 0 
10 30 53 59 78 91 0 0 0 0 0 0 0 0 0 
13 14 95 0 0 0 0 0 0 0 0 0 0 0 0 
0 17 35 76 0 0 0 0 0 0 0 0 0 0 0 
32 45 87 6078 6092 0 0 0 0 0 0 0 0 0 0 
19 4034 0 0 0 0 0 0 0 0 0 0 0 0 0 
4 41 15051 0 0 0 0 0 0 0 0 0 0 0 0 
21 38 44 48 50 0 0 0 0 0 0 0 0 0 0 
53 70 6047 6076 6094 0 0 0 0 0 0 0 0 0 0 
20 58 6000 6030 6049 6055 15047 0 0 0 0 0 0 0 0 
1 29 34 43 73 99 0 0 0 0 0 0 0 0 0 
27 74 97 0 0 0 0 0 0 0 0 0 0 0 0 
45 53 54 72 79 6019 0 0 0 0 0 0 0 0 0 
15 20 40 15018 15044 15070 0 0 0 0 0 0 0 0 0 
15 43 73 75 0 0 0 0 0 0 0 0 0 0 0 
13 17 59 0 0 0 0 0 0 0 0 0 0 0 0 
17 67 76 0 0 0 0 0 0 0 0 0 0 0 0 
9 20 40 48 6055 6074 0 0 0 0 0 0 0 0 0 
42 55 66 94 15041 0 0 0 0 0 0 0 0 0 0 
4 37 56 57 93 4021 0 0 0 0 0 0 0 0 0 
14 77 4013 4014 4015 0 0 0 0 0 0 0 0 0 0 
35 65 6049 6053 6072 0 0 0 0 0 0 0 0 0 0 
2 12 19 39 50 86 0 0 0 0 0 0 0 0 0 
11 22 26 49 15058 0 0 0 0 0 0 0 0 0 0 
13 14 85 0 0 0 0 0 0 0 0 0 0 0 0 


30 45 93 5084 0 0 0 0 0 0 0 0 0 0 0 
10 16060 16067 16088 0 0 0 0 0 0 0 0 0 0 0 
28 85 86 98 7014 7021 7099 0 0 0 0 0 0 0 0 
64 75 78 5006 5051 0 0 0 0 0 0 0 0 0 0 
15 89 90 92 0 0 0 0 0 0 0 0 0 0 0 
30 31 37 0 0 0 0 0 0 0 0 0 0 0 0 
16 26 32 86 0 0 0 0 0 0 0 0 0 0 0 
12 31 54 0 0 0 0 0 0 0 0 0 0 0 0 
29 40 7046 7089 0 0 0 0 0 0 0 0 0 0 0 
96 0 0 0 0 0 0 0 0 0 0 0 0 0 0 
1 14 54 87 16067 16087 16088 0 0 0 0 0 0 0 0 
12 14 54 65 66 0 0 0 0 0 0 0 0 0 0 
7 11 14 29 31 73 0 0 0 0 0 0 0 0 0 
42 57 73 0 0 0 0 0 0 0 0 0 0 0 0 
10 11 12 0 0 0 0 0 0 0 0 0 0 0 0 
4 17 19 25 51 59 63 0 0 0 0 0 0 0 0 
6 34 40 69 0 0 0 0 0 0 0 0 0 0 0 
15 18 37 44 89 5024 0 0 0 0 0 0 0 0 0 
17 30 51 60 72 0 0 0 0 0 0 0 0 0 0 
15 47 72 5018 5071 5087 0 0 0 0 0 0 0 0 0 
39 47 63 5018 0 0 0 0 0 0 0 0 0 0 0 
57 96 16079 0 0 0 0 0 0 0 0 0 0 0 0 
28 34 38 73 0 0 0 0 0 0 0 0 0 0 0 
25 27 32 41 0 0 0 0 0 0 0 0 0 0 0 
36 39 63 0 0 0 0 0 0 0 0 0 0 0 0 
15 23 26 37 42 0 0 0 0 0 0 0 0 0 0 
6 25 28 69 0 0 0 0 0 0 0 0 0 0 0 
23 50 85 91 0 0 0 0 0 0 0 0 0 0 0 
2 22 26 67 71 0 0 0 0 0 0 0 0 0 0 
8 12 38 0 0 0 0 0 0 0 0 0 0 0 0 
0 5 18 55 81 5024 5084 0 0 0 0 0 0 0 0 
5 7 12 42 60 0 0 0 0 0 0 0 0 0 0 
6 23 77 85 0 0 0 0 0 0 0 0 0 0 0 
54 66 68 84 16087 0 0 0 0 0 0 0 0 0 0 
16 22 7038 7046 7068 0 0 0 0 0 0 0 0 0 0 
51 60 62 76 0 0 0 0 0 0 0 0 0 0 0 
24 0 0 0 0 0 0 0 0 0 0 0 0 0 0 
5 17 25 52 66 0 0 0 0 0 0 0 0 0 0 
22 29 51 69 0 0 0 0 0 0 0 0 0 0 0 
20 24 92 5018 0 0 0 0 0 0 0 0 0 0 0 
8 16 58 0 0 0 0 0 0 0 0 0 0 0 0 
23 57 66 96 0 0 0 0 0 0 0 0 0 0 0 
13 25 31 0 0 0 0 0 0 0 0 0 0 0 0 
87 96 16008 16087 0 0 0 0 0 0 0 0 0 0 0 
17 0 0 0 0 0 0 0 0 0 0 0 0 0 0 
16076 16094 0 0 0 0 0 0 0 0 0 0 0 0 0 
73 7053 7087 7089 0 0 0 0 0 0 0 0 0 0 0 
19 20 76 5071 5083 0 0 0 0 0 0 0 0 0 0 
0 0 0 0 0 0 0 0 0 0 0 0 0 0 0 
53 5058 5084 5096 0 0 0 0 0 0 0 0 0 0 0 
27 61 63 90 92 0 0 0 0 0 0 0 0 0 0 
15 18 35 38 0 0 0 0 0 0 0 0 0 0 0 
37 90 91 95 0 0 0 0 0 0 0 0 0 0 0 
49 5035 5096 0 0 0 0 0 0 0 0 0 0 0 0 
7 10 11 33 93 16087 0 0 0 0 0 0 0 0 0 
30 74 99 5084 5092 0 0 0 0 0 0 0 0 0 0 
67 7023 7042 7063 0 0 0 0 0 0 0 0 0 0 0 
13 21 41 66 87 96 0 0 0 0 0 0 0 0 0 
40 62 0 0 0 0 0 0 0 0 0 0 0 0 0 
15 62 77 0 0 0 0 0 0 0 0 0 0 0 0 
18 31 35 0 0 0 0 0 0 0 0 0 0 0 0 
50 64 78 90 97 0 0 0 0 0 0 0 0 0 0 
35 58 59 69 76 0 0 0 0 0 0 0 0 0 0 
15 20 24 50 77 90 0 0 0 0 0 0 0 0 0 
3 61 0 0 0 0 0 0 0 0 0 0 0 0 0 
11 73 7023 7051 0 0 0 0 0 0 0 0 0 0 0 
11 33 37 41 57 0 0 0 0 0 0 0 0 0 0 
28 56 7021 7042 0 0 0 0 0 0 0 0 0 0 0 
33 75 79 95 16098 0 0 0 0 0 0 0 0 0 0 
16 26 38 62 0 0 0 0 0 0 0 0 0 0 0 
85 7017 7099 0 0 0 0 0 0 0 0 0 0 0 0 
28 73 7042 7068 7069 0 0 0 0 0 0 0 0 0 0 
18 19 76 5024 5096 0 0 0 0 0 0 0 0 0 0 
12 13 22 46 65 71 7089 0 0 0 0 0 0 0 0 
55 75 5009 5048 5051 5092 0 0 0 0 0 0 0 0 0 
3 68 74 88 99 0 0 0 0 0 0 0 0 0 0 
35 47 62 72 94 5083 0 0 0 0 0 0 0 0 0 
32 59 63 0 0 0 0 0 0 0 0 0 0 0 0 
3 61 5051 5079 0 0 0 0 0 0 0 0 0 0 0 
68 16036 16095 16098 0 0 0 0 0 0 0 0 0 0 0 
84 99 16047 16098 0 0 0 0 0 0 0 0 0 0 0 
30 83 84 16094 0 0 0 0 0 0 0 0 0 0 0 
95 96 16036 16069 0 0 0 0 0 0 0 0 0 0 0 
81 16062 16067 16068 16094 0 0 0 0 0 0 0 0 0 0 
33 80 81 99 16009 16094 16098 0 0 0 0 0 0 0 0 
2 27 32 70 0 0 0 0 0 0 0 0 0 0 0 
2 6 7017 7021 7038 7068 0 0 0 0 0 0 0 0 0 
10 43 57 7023 16008 16026 16087 0 0 0 0 0 0 0 0 
75 5009 0 0 0 0 0 0 0 0 0 0 0 0 0 
4 17 97 5024 5033 5051 0 0 0 0 0 0 0 0 0 
4 50 52 61 63 0 0 0 0 0 0 0 0 0 0 
27 52 98 0 0 0 0 0 0 0 0 0 0 0 0 
4 39 50 5018 5079 0 0 0 0 0 0 0 0 0 0 
16067 54 0 0 0 0 0 0 0 0 0 0 0 0 0 
76 5035 5070 5083 0 0 0 0 0 0 0 0 0 0 0 
52 68 82 96 0 0 0 0 0 0 0 0 0 0 0 
9 21 41 43 57 82 95 0 0 0 0 0 0 0 0 
61 89 0 0 0 0 0 0 0 0 0 0 0 0 0 
2 91 7014 0 0 0 0 0 0 0 0 0 0 0 0 
55 75 80 84 5009 16025 0 0 0 0 0 0 0 0 0 


15 36 0 0 0 0 0 0 0 0 0 0 0 0 0 
48 62 79 86 93 94 96 0 0 0 0 0 0 0 0 
15 44 49 60 84 8071 8098 0 0 0 0 0 0 0 0 
55 69 80 0 0 0 0 0 0 0 0 0 0 0 0 
64 72 77 8063 8069 0 0 0 0 0 0 0 0 0 0 
61 80 85 0 0 0 0 0 0 0 0 0 0 0 0 
23 37 82 17089 0 0 0 0 0 0 0 0 0 0 0 
29 39 43 64 83 0 0 0 0 0 0 0 0 0 0 
41 45 76 8034 17012 17048 17085 0 0 0 0 0 0 0 0 
12 44 74 8010 8082 8098 0 0 0 0 0 0 0 0 0 
17 33 91 0 0 0 0 0 0 0 0 0 0 0 0 
19 34 39 48 62 87 0 0 0 0 0 0 0 0 0 
9 73 0 0 0 0 0 0 0 0 0 0 0 0 0 
42 82 0 0 0 0 0 0 0 0 0 0 0 0 0 
63 99 6002 6098 0 0 0 0 0 0 0 0 0 0 0 
0 2 59 60 67 0 0 0 0 0 0 0 0 0 0 
0 0 0 0 0 0 0 0 0 0 0 0 0 0 0 
10 31 35 6070 6086 0 0 0 0 0 0 0 0 0 0 
57 86 88 90 17036 0 0 0 0 0 0 0 0 0 0 
11 34 48 76 95 17083 17093 0 0 0 0 0 0 0 0 
43 0 0 0 0 0 0 0 0 0 0 0 0 0 0 
42 63 68 6002 6067 6086 0 0 0 0 0 0 0 0 0 
27 43 56 77 0 0 0 0 0 0 0 0 0 0 0 
6 51 6056 6065 6087 17089 0 0 0 0 0 0 0 0 0 
25 17036 17074 0 0 0 0 0 0 0 0 0 0 0 0 
24 73 86 92 93 0 0 0 0 0 0 0 0 0 0 
27 32 43 59 0 0 0 0 0 0 0 0 0 0 0 
22 26 59 98 8046 8093 0 0 0 0 0 0 0 0 0 
51 0 0 0 0 0 0 0 0 0 0 0 0 0 0 
7 30 32 80 93 96 0 0 0 0 0 0 0 0 0 
29 35 68 85 0 0 0 0 0 0 0 0 0 0 0 
17 58 99 0 0 0 0 0 0 0 0 0 0 0 0 
26 29 47 67 85 98 0 0 0 0 0 0 0 0 0 
10 36 91 0 0 0 0 0 0 0 0 0 0 0 0 
11 19 51 0 0 0 0 0 0 0 0 0 0 0 0 
17 30 78 91 0 0 0 0 0 0 0 0 0 0 0 
0 33 67 85 0 0 0 0 0 0 0 0 0 0 0 
6 48 51 52 17093 0 0 0 0 0 0 0 0 0 0 
81 6034 6086 0 0 0 0 0 0 0 0 0 0 0 0 
7 11 62 94 0 0 0 0 0 0 0 0 0 0 0 
82 17074 0 0 0 0 0 0 0 0 0 0 0 0 0 
8 88 8010 8060 8066 17019 17039 0 0 0 0 0 0 0 0 
13 21 53 96 6056 6067 6071 0 0 0 0 0 0 0 0 
7 20 22 26 61 83 0 0 0 0 0 0 0 0 0 
2 9 47 66 67 74 0 0 0 0 0 0 0 0 0 
8 50 62 64 65 76 79 95 0 0 0 0 0 0 0 
6008 6034 0 0 0 0 0 0 0 0 0 0 0 0 0 
32 44 79 93 0 0 0 0 0 0 0 0 0 0 0 
1 11 19 37 53 0 0 0 0 0 0 0 0 0 0 
2 54 8075 8082 0 0 0 0 0 0 0 0 0 0 0 
45 65 8009 0 0 0 0 0 0 0 0 0 0 0 0 
23 28 34 37 53 6065 0 0 0 0 0 0 0 0 0 
37 57 82 86 17004 17090 0 0 0 0 0 0 0 0 0 
42 48 51 69 87 6046 0 0 0 0 0 0 0 0 0 
49 66 75 0 0 0 0 0 0 0 0 0 0 0 0 
3 81 0 0 0 0 0 0 0 0 0 0 0 0 0 
22 8024 8037 8059 0 0 0 0 0 0 0 0 0 0 0 
18 52 76 17004 17018 17048 17081 0 0 0 0 0 0 0 0 
31 78 91 99 0 0 0 0 0 0 0 0 0 0 0 
15 26 27 84 8046 0 0 0 0 0 0 0 0 0 0 
2 15 8049 8084 0 0 0 0 0 0 0 0 0 0 0 
5 43 70 0 0 0 0 0 0 0 0 0 0 0 0 
1 11 39 45 65 0 0 0 0 0 0 0 0 0 0 
14 21 78 92 6056 0 0 0 0 0 0 0 0 0 0 
4 7 45 79 0 0 0 0 0 0 0 0 0 0 0 
45 50 62 83 0 0 0 0 0 0 0 0 0 0 0 
44 54 73 88 93 0 0 0 0 0 0 0 0 0 0 
15 32 36 44 75 91 93 0 0 0 0 0 0 0 0 
21 30 69 96 6034 6071 6086 0 0 0 0 0 0 0 0 
3 53 68 89 94 96 6071 0 0 0 0 0 0 0 0 
61 80 0 0 0 0 0 0 0 0 0 0 0 0 0 
95 8009 8034 17053 17084 17085 0 0 0 0 0 0 0 0 0 
4 74 79 88 8010 8067 0 0 0 0 0 0 0 0 0 
12 25 66 90 0 0 0 0 0 0 0 0 0 0 0 
9 44 72 98 8069 0 0 0 0 0 0 0 0 0 0 
54 67 91 0 0 0 0 0 0 0 0 0 0 0 0 
8 19 45 57 79 86 0 0 0 0 0 0 0 0 0 
4 22 97 98 8037 8059 8069 0 0 0 0 0 0 0 0 
35 58 63 92 93 96 0 0 0 0 0 0 0 0 0 
1 45 47 64 72 76 86 0 0 0 0 0 0 0 0 
3 5 29 70 81 0 0 0 0 0 0 0 0 0 0 
38 55 80 0 0 0 0 0 0 0 0 0 0 0 0 
6 13 40 52 17090 0 0 0 0 0 0 0 0 0 0 
7 43 65 97 0 0 0 0 0 0 0 0 0 0 0 
2 59 8059 8069 8098 0 0 0 0 0 0 0 0 0 0 
5 30 32 36 0 0 0 0 0 0 0 0 0 0 0 
1 18 25 52 76 79 0 0 0 0 0 0 0 0 0 
11 53 89 6046 0 0 0 0 0 0 0 0 0 0 0 
18 41 66 72 8010 0 0 0 0 0 0 0 0 0 0 
69 87 6008 6046 6073 0 0 0 0 0 0 0 0 0 0 
18 73 17036 0 0 0 0 0 0 0 0 0 0 0 0 
10 33 35 58 67 75 0 0 0 0 0 0 0 0 0 
25 63 78 0 0 0 0 0 0 0 0 0 0 0 0 
1 25 29 47 66 67 78 0 0 0 0 0 0 0 0 
1 39 69 0 0 0 0 0 0 0 0 0 0 0 0 
19 45 71 17048 17083 0 0 0 0 0 0 0 0 0 0 
1 29 42 68 69 78 0 0 0 0 0 0 0 0 0 
77 83 8016 0 0 0 0 0 0 0 0 0 0 0 0 
27 32 74 77 0 0 0 0 0 0 0 0 0 0 0 
14 31 58 6002 6070 0 0 0 0 0 0 0 0 0 0 


77 92 0 0 0 0 0 0 0 0 0 0 0 0 0 
13 44 95 0 0 0 0 0 0 0 0 0 0 0 0 
4 30 38 68 72 87 90 96 0 0 0 0 0 0 0 
5 27 99 18006 0 0 0 0 0 0 0 0 0 0 0 
2 25 53 68 90 0 0 0 0 0 0 0 0 0 0 
3 43 86 0 0 0 0 0 0 0 0 0 0 0 0 
18 33 58 18096 0 0 0 0 0 0 0 0 0 0 0 
22 35 51 53 83 92 0 0 0 0 0 0 0 0 0 
18 19 45 96 0 0 0 0 0 0 0 0 0 0 0 
45 7050 7071 18025 18060 0 0 0 0 0 0 0 0 0 0 
55 67 7009 7041 7072 7088 0 0 0 0 0 0 0 0 0 
18 22 28 83 87 0 0 0 0 0 0 0 0 0 0 
21 23 41 54 73 86 0 0 0 0 0 0 0 0 0 
1 30 68 75 82 86 98 0 0 0 0 0 0 0 0 
20 42 52 80 18042 0 0 0 0 0 0 0 0 0 0 
21 9028 9033 9089 0 0 0 0 0 0 0 0 0 0 0 
45 96 7097 0 0 0 0 0 0 0 0 0 0 0 0 
29 50 53 57 74 0 0 0 0 0 0 0 0 0 0 
6 8 11 0 0 0 0 0 0 0 0 0 0 0 0 
8 20 52 72 89 0 0 0 0 0 0 0 0 0 0 
14 19 45 61 18060 18091 0 0 0 0 0 0 0 0 0 
12 15 74 94 0 0 0 0 0 0 0 0 0 0 0 
7 11 26 53 85 90 0 0 0 0 0 0 0 0 0 
12 54 9033 0 0 0 0 0 0 0 0 0 0 0 0 
46 91 7056 0 0 0 0 0 0 0 0 0 0 0 0 
4 29 38 62 85 0 0 0 0 0 0 0 0 0 0 
22 29 79 88 0 0 0 0 0 0 0 0 0 0 0 
3 44 18006 18024 18086 0 0 0 0 0 0 0 0 0 0 
11 70 77 83 87 0 0 0 0 0 0 0 0 0 0 
17 25 26 57 0 0 0 0 0 0 0 0 0 0 0 
2 13 52 67 69 72 0 0 0 0 0 0 0 0 0 
37 87 90 96 0 0 0 0 0 0 0 0 0 0 0 
44 55 80 18024 18047 0 0 0 0 0 0 0 0 0 0 
6 39 9068 18059 18096 0 0 0 0 0 0 0 0 0 0 
63 66 7008 7071 18025 18060 0 0 0 0 0 0 0 0 0 
7 9021 9035 9051 9064 0 0 0 0 0 0 0 0 0 0 
45 18013 18060 0 0 0 0 0 0 0 0 0 0 0 0 
31 59 96 7056 7077 0 0 0 0 0 0 0 0 0 0 
2 25 59 71 84 0 0 0 0 0 0 0 0 0 0 
33 65 70 77 9022 9071 0 0 0 0 0 0 0 0 0 
62 75 76 78 0 0 0 0 0 0 0 0 0 0 0 
12 50 53 68 70 72 74 86 0 0 0 0 0 0 0 
14 43 44 61 72 86 0 0 0 0 0 0 0 0 0 
5 42 81 0 0 0 0 0 0 0 0 0 0 0 0 
1 27 32 42 18086 0 0 0 0 0 0 0 0 0 0 
8 9 16 20 36 52 63 18060 0 0 0 0 0 0 0 
24 84 7027 7059 0 0 0 0 0 0 0 0 0 0 0 
56 94 9008 9028 0 0 0 0 0 0 0 0 0 0 0 
50 56 9028 9081 9089 0 0 0 0 0 0 0 0 0 0 
97 7060 0 0 0 0 0 0 0 0 0 0 0 0 0 
17 41 48 54 9047 0 0 0 0 0 0 0 0 0 0 
7 88 9027 0 0 0 0 0 0 0 0 0 0 0 0 
14 19 30 45 96 0 0 0 0 0 0 0 0 0 0 
4 7 17 22 41 92 0 0 0 0 0 0 0 0 0 
12 23 50 73 9022 9023 9047 9089 0 0 0 0 0 0 0 
10 32 95 0 0 0 0 0 0 0 0 0 0 0 0 
47 48 57 9008 0 0 0 0 0 0 0 0 0 0 0 
17 29 56 62 78 0 0 0 0 0 0 0 0 0 0 
6 64 18031 18096 0 0 0 0 0 0 0 0 0 0 0 
37 38 90 7056 7077 7084 0 0 0 0 0 0 0 0 0 
80 7041 18037 0 0 0 0 0 0 0 0 0 0 0 0 
20 42 81 18035 18042 18086 18091 0 0 0 0 0 0 0 0 
25 40 57 68 74 0 0 0 0 0 0 0 0 0 0 
34 45 67 7004 18060 0 0 0 0 0 0 0 0 0 0 
58 72 73 81 0 0 0 0 0 0 0 0 0 0 0 
39 99 9023 9085 18059 18081 0 0 0 0 0 0 0 0 0 
34 80 7041 0 0 0 0 0 0 0 0 0 0 0 0 
10 30 63 69 7072 0 0 0 0 0 0 0 0 0 0 
2 4 13 41 62 0 0 0 0 0 0 0 0 0 0 
30 67 96 98 7004 7074 7077 7084 0 0 0 0 0 0 0 
28 39 41 73 77 9047 0 0 0 0 0 0 0 0 0 
38 75 84 98 7002 0 0 0 0 0 0 0 0 0 0 
2 19 30 41 42 64 87 0 0 0 0 0 0 0 0 
12 54 64 70 81 99 0 0 0 0 0 0 0 0 0 
17 21 41 62 76 0 0 0 0 0 0 0 0 0 0 
13 40 71 82 7049 0 0 0 0 0 0 0 0 0 0 
40 74 0 0 0 0 0 0 0 0 0 0 0 0 0 
9035 28 39 70 83 9047 9064 0 0 0 0 0 0 0 0 
40 57 97 0 0 0 0 0 0 0 0 0 0 0 0 
26 92 9021 9081 0 0 0 0 0 0 0 0 0 0 0 
14 32 60 66 18042 18047 0 0 0 0 0 0 0 0 0 
43 61 64 73 99 18006 18035 18081 0 0 0 0 0 0 0 
13 75 7009 7049 0 0 0 0 0 0 0 0 0 0 0 
7 11 28 77 9064 0 0 0 0 0 0 0 0 0 0 
38 46 71 97 7060 0 0 0 0 0 0 0 0 0 0 
22 25 90 0 0 0 0 0 0 0 0 0 0 0 0 
5 12 13 41 42 0 0 0 0 0 0 0 0 0 0 
2 11 28 31 72 0 0 0 0 0 0 0 0 0 0 
26 51 91 0 0 0 0 0 0 0 0 0 0 0 0 
19 18080 0 0 0 0 0 0 0 0 0 0 0 0 0 
2 4 22 31 59 85 0 0 0 0 0 0 0 0 0 
24 88 0 0 0 0 0 0 0 0 0 0 0 0 0 
9047 7 53 79 9081 0 0 0 0 0 0 0 0 0 0 
7027 0 0 0 0 0 0 0 0 0 0 0 0 0 0 
21 47 9028 0 0 0 0 0 0 0 0 0 0 0 0 
1 55 0 0 0 0 0 0 0 0 0 0 0 0 0 
2 8 16 31 37 52 69 0 0 0 0 0 0 0 0 
49 78 84 0 0 0 0 0 0 0 0 0 0 0 0 
13 69 71 7002 7009 7084 0 0 0 0 0 0 0 0 0 
3 65 73 81 9023 18006 18030 0 0 0 0 0 0 0 0 


10 38 0 0 0 0 0 0 0 0 0 0 0 0 0 
6 7 14 88 19041 0 0 0 0 0 0 0 0 0 0 
74 93 94 0 0 0 0 0 0 0 0 0 0 0 0 
87 10023 10068 10082 0 0 0 0 0 0 0 0 0 0 0 
30 32 34 54 90 92 0 0 0 0 0 0 0 0 0 
16 65 92 0 0 0 0 0 0 0 0 0 0 0 0 
1 13 73 19024 19034 0 0 0 0 0 0 0 0 0 0 
1 61 95 0 0 0 0 0 0 0 0 0 0 0 0 
18 49 81 8047 8056 0 0 0 0 0 0 0 0 0 0 
58 81 86 89 0 0 0 0 0 0 0 0 0 0 0 
19098 0 0 0 0 0 0 0 0 0 0 0 0 0 0 
37 41 94 95 0 0 0 0 0 0 0 0 0 0 0 
68 19097 0 0 0 0 0 0 0 0 0 0 0 0 0 
6 23 63 91 19024 19057 0 0 0 0 0 0 0 0 0 
1 37 68 0 0 0 0 0 0 0 0 0 0 0 0 
24 49 52 56 86 0 0 0 0 0 0 0 0 0 0 
5 25 29 30 0 0 0 0 0 0 0 0 0 0 0 
27 41 0 0 0 0 0 0 0 0 0 0 0 0 0 
8 46 84 0 0 0 0 0 0 0 0 0 0 0 0 
30 36 58 79 86 0 0 0 0 0 0 0 0 0 0 
32 10010 10068 10094 0 0 0 0 0 0 0 0 0 0 0 
58 80 81 8035 8079 0 0 0 0 0 0 0 0 0 0 
29 91 8039 8054 0 0 0 0 0 0 0 0 0 0 0 
13 8054 8065 8099 19042 19057 0 0 0 0 0 0 0 0 0 
15 46 99 0 0 0 0 0 0 0 0 0 0 0 0 
16 45 63 67 79 91 0 0 0 0 0 0 0 0 0 
98 10002 10006 10043 10083 0 0 0 0 0 0 0 0 0 0 
17 8051 0 0 0 0 0 0 0 0 0 0 0 0 0 
8015 8047 8048 8094 0 0 0 0 0 0 0 0 0 0 0 
16 22 38 63 89 0 0 0 0 0 0 0 0 0 0 
4 16 19 76 86 90 0 0 0 0 0 0 0 0 0 
54 60 77 10010 10030 0 0 0 0 0 0 0 0 0 0 
4 20 48 90 92 0 0 0 0 0 0 0 0 0 0 
38 44 8015 8023 0 0 0 0 0 0 0 0 0 0 0 
4 40 56 65 69 87 0 0 0 0 0 0 0 0 0 
47 58 67 72 8035 8077 0 0 0 0 0 0 0 0 0 
19 41 52 53 0 0 0 0 0 0 0 0 0 0 0 
11 14 39 51 95 0 0 0 0 0 0 0 0 0 0 
0 29 33 84 89 0 0 0 0 0 0 0 0 0 0 
37 45 72 0 0 0 0 0 0 0 0 0 0 0 0 
34 98 0 0 0 0 0 0 0 0 0 0 0 0 0 
11 17 36 51 58 59 80 0 0 0 0 0 0 0 0 
45 66 90 97 0 0 0 0 0 0 0 0 0 0 0 
44 0 0 0 0 0 0 0 0 0 0 0 0 0 0 
33 43 63 96 0 0 0 0 0 0 0 0 0 0 0 
25 39 42 78 0 0 0 0 0 0 0 0 0 0 0 
18 24 65 0 0 0 0 0 0 0 0 0 0 0 0 
35 67 89 8050 8054 8070 8077 8092 0 0 0 0 0 0 0 
32 10044 19011 19051 0 0 0 0 0 0 0 0 0 0 0 
8 15 80 0 0 0 0 0 0 0 0 0 0 0 0 
61 77 10039 19055 19073 19094 0 0 0 0 0 0 0 0 0 
37 41 59 64 8035 0 0 0 0 0 0 0 0 0 0 
15 36 70 80 93 0 0 0 0 0 0 0 0 0 0 
36 56 57 60 79 98 0 0 0 0 0 0 0 0 0 
4 31 60 10081 10082 0 0 0 0 0 0 0 0 0 0 
62 69 10083 10091 0 0 0 0 0 0 0 0 0 0 0 
15 34 53 0 0 0 0 0 0 0 0 0 0 0 0 
53 83 94 0 0 0 0 0 0 0 0 0 0 0 0 
9 19 21 35 41 80 81 0 0 0 0 0 0 0 0 
41 51 0 0 0 0 0 0 0 0 0 0 0 0 0 
31 53 54 82 10002 10081 0 0 0 0 0 0 0 0 0 
7 50 83 88 0 0 0 0 0 0 0 0 0 0 0 
55 99 10071 10091 0 0 0 0 0 0 0 0 0 0 0 
13 25 29 44 75 19024 0 0 0 0 0 0 0 0 0 
51 68 8035 8077 8083 0 0 0 0 0 0 0 0 0 0 
5 34 46 86 0 0 0 0 0 0 0 0 0 0 0 
42 75 19011 19056 0 0 0 0 0 0 0 0 0 0 0 
25 35 47 0 0 0 0 0 0 0 0 0 0 0 0 
12 14 64 71 8033 0 0 0 0 0 0 0 0 0 0 
34 55 93 0 0 0 0 0 0 0 0 0 0 0 0 
52 94 0 0 0 0 0 0 0 0 0 0 0 0 0 
68 85 91 8039 0 0 0 0 0 0 0 0 0 0 0 
35 39 0 0 0 0 0 0 0 0 0 0 0 0 0 
6 19019 19021 19023 19034 19047 19080 0 0 0 0 0 0 0 0 
2 82 94 0 0 0 0 0 0 0 0 0 0 0 0 
63 66 76 78 19024 19082 0 0 0 0 0 0 0 0 0 
30 75 0 0 0 0 0 0 0 0 0 0 0 0 0 
31 50 83 97 10012 10017 0 0 0 0 0 0 0 0 0 
45 75 19053 19082 0 0 0 0 0 0 0 0 0 0 0 
19 25 53 90 95 97 0 0 0 0 0 0 0 0 0 
21 41 49 52 58 0 0 0 0 0 0 0 0 0 0 
8 9 21 58 8048 8079 8092 0 0 0 0 0 0 0 0 
60 74 10002 10012 10072 10079 0 0 0 0 0 0 0 0 0 
57 61 77 95 10012 0 0 0 0 0 0 0 0 0 0 
18 38 86 0 0 0 0 0 0 0 0 0 0 0 0 
71 8065 19023 19057 0 0 0 0 0 0 0 0 0 0 0 
9 15 19 30 65 84 0 0 0 0 0 0 0 0 0 
3 34 10091 0 0 0 0 0 0 0 0 0 0 0 0 
1 61 19041 19053 19064 0 0 0 0 0 0 0 0 0 0 
9 29 38 47 8015 8048 8054 0 0 0 0 0 0 0 0 
4 30 32 42 79 0 0 0 0 0 0 0 0 0 0 
13 22 25 71 0 0 0 0 0 0 0 0 0 0 0 
4 5 32 0 0 0 0 0 0 0 0 0 0 0 0 
2 52 69 98 0 0 0 0 0 0 0 0 0 0 0 
2 11 57 70 74 0 0 0 0 0 0 0 0 0 0 
7 11 37 79 83 0 0 0 0 0 0 0 0 0 0 
44 19015 19080 0 0 0 0 0 0 0 0 0 0 0 0 
42 77 79 0 0 0 0 0 0 0 0 0 0 0 0 
26 40 53 93 10002 10083 0 0 0 0 0 0 0 0 0 
24 62 0 0 0 0 0 0 0 0 0 0 0 0 0 


3 7 15 26 76 0 0 0 0 0 0 0 0 0 0 
4 25 32 35 61 0 0 0 0 0 0 0 0 0 0 
79 81 9026 9060 9082 9098 0 0 0 0 0 0 0 0 0 
0 15 19 26 32 56 70 0 0 0 0 0 0 0 0 
1 26 42 46 52 61 86 0 0 0 0 0 0 0 0 
15 16 29 88 0 0 0 0 0 0 0 0 0 0 0 
43 79 9026 0 0 0 0 0 0 0 0 0 0 0 0 
20019 9 18 41 51 97 0 0 0 0 0 0 0 0 0 
14 23 50 77 0 0 0 0 0 0 0 0 0 0 0 
7 59 76 20093 20099 0 0 0 0 0 0 0 0 0 0 
53 68 80 94 9020 9031 0 0 0 0 0 0 0 0 0 
78 88 0 0 0 0 0 0 0 0 0 0 0 0 0 
29 9077 9082 9083 0 0 0 0 0 0 0 0 0 0 0 
37 56 95 0 0 0 0 0 0 0 0 0 0 0 0 
8 48 49 0 0 0 0 0 0 0 0 0 0 0 0 
0 3 5 53 56 88 0 0 0 0 0 0 0 0 0 
5 17 36 59 0 0 0 0 0 0 0 0 0 0 0 
16 29 39 64 9077 0 0 0 0 0 0 0 0 0 0 
7 20050 20059 0 0 0 0 0 0 0 0 0 0 0 0 
3 66 88 97 0 0 0 0 0 0 0 0 0 0 0 
38 41 62 20008 20019 20036 20047 20062 20090 0 0 0 0 0 0 
33 20028 20036 20073 20077 0 0 0 0 0 0 0 0 0 0 
64 84 0 0 0 0 0 0 0 0 0 0 0 0 0 
8 55 82 9003 0 0 0 0 0 0 0 0 0 0 0 
74 20015 20036 20073 0 0 0 0 0 0 0 0 0 0 0 
1 32 37 70 93 0 0 0 0 0 0 0 0 0 0 
0 3 4 27 53 66 0 0 0 0 0 0 0 0 0 
26 28 33 53 54 55 87 0 0 0 0 0 0 0 0 
27 44 84 94 0 0 0 0 0 0 0 0 0 0 0 
5 12 17 72 0 0 0 0 0 0 0 0 0 0 0 
95 9031 0 0 0 0 0 0 0 0 0 0 0 0 0 
47 57 0 0 0 0 0 0 0 0 0 0 0 0 0 
1 3 25 66 0 0 0 0 0 0 0 0 0 0 0 
21 27 74 0 0 0 0 0 0 0 0 0 0 0 0 
56 67 78 92 0 0 0 0 0 0 0 0 0 0 0 
1 37 50 63 65 75 96 0 0 0 0 0 0 0 0 
16 0 0 0 0 0 0 0 0 0 0 0 0 0 0 
13 25 35 47 65 73 0 0 0 0 0 0 0 0 0 
20 41 86 20025 20036 0 0 0 0 0 0 0 0 0 0 
17 9050 0 0 0 0 0 0 0 0 0 0 0 0 0 
45 47 57 0 0 0 0 0 0 0 0 0 0 0 0 
7 20 38 51 66 0 0 0 0 0 0 0 0 0 0 
4 46 60 86 0 0 0 0 0 0 0 0 0 0 0 
6 69 83 85 90 9026 0 0 0 0 0 0 0 0 0 
28 54 9048 20076 20077 0 0 0 0 0 0 0 0 0 0 
40 96 0 0 0 0 0 0 0 0 0 0 0 0 0 
4 42 61 86 0 0 0 0 0 0 0 0 0 0 0 
31 37 40 90 92 0 0 0 0 0 0 0 0 0 0 
14 75 77 85 0 0 0 0 0 0 0 0 0 0 0 
14 96 0 0 0 0 0 0 0 0 0 0 0 0 0 
8 35 60 61 0 0 0 0 0 0 0 0 0 0 0 
7 41 20059 20090 0 0 0 0 0 0 0 0 0 0 0 
4 60 75 80 0 0 0 0 0 0 0 0 0 0 0 
10 15 26 27 80 87 0 0 0 0 0 0 0 0 0 
27 44 55 68 0 0 0 0 0 0 0 0 0 0 0 
23 27 54 60 80 0 0 0 0 0 0 0 0 0 0 
3 13 15 34 95 0 0 0 0 0 0 0 0 0 0 
31 40 93 0 0 0 0 0 0 0 0 0 0 0 0 
72 0 0 0 0 0 0 0 0 0 0 0 0 0 0 
9 16 20002 20020 0 0 0 0 0 0 0 0 0 0 0 
42 50 52 55 0 0 0 0 0 0 0 0 0 0 0 
1 4 46 50 63 0 0 0 0 0 0 0 0 0 0 
20 76 87 20026 0 0 0 0 0 0 0 0 0 0 0 
35 61 96 0 0 0 0 0 0 0 0 0 0 0 0 
17 22 76 87 94 20002 0 0 0 0 0 0 0 0 0 
35 37 75 0 0 0 0 0 0 0 0 0 0 0 0 
19 26 32 41 86 0 0 0 0 0 0 0 0 0 0 
34 79 90 92 98 0 0 0 0 0 0 0 0 0 0 
10 54 9003 9020 0 0 0 0 0 0 0 0 0 0 0 
43 77 81 83 98 0 0 0 0 0 0 0 0 0 0 
3 25 78 93 0 0 0 0 0 0 0 0 0 0 0 
91 9062 0 0 0 0 0 0 0 0 0 0 0 0 0 
29 58 79 81 9082 0 0 0 0 0 0 0 0 0 0 
37 85 92 0 0 0 0 0 0 0 0 0 0 0 0 
24 33 86 89 20036 0 0 0 0 0 0 0 0 0 0 
35 48 52 65 77 0 0 0 0 0 0 0 0 0 0 
20093 9 62 64 0 0 0 0 0 0 0 0 0 0 0 
8 48 69 75 82 91 0 0 0 0 0 0 0 0 0 
11 34 70 0 0 0 0 0 0 0 0 0 0 0 0 
2 6 67 72 9082 0 0 0 0 0 0 0 0 0 0 
10 52 53 55 81 82 0 0 0 0 0 0 0 0 0 
2 69 72 80 9054 9060 0 0 0 0 0 0 0 0 0 
23 77 80 9003 9054 0 0 0 0 0 0 0 0 0 0 
43 69 9026 9055 9098 0 0 0 0 0 0 0 0 0 0 
22 28 89 20036 20077 20081 0 0 0 0 0 0 0 0 0 
43 48 73 0 0 0 0 0 0 0 0 0 0 0 0 
4 38 42 46 66 74 89 0 0 0 0 0 0 0 0 
27 53 62 64 89 0 0 0 0 0 0 0 0 0 0 
5 11 15 19 97 0 0 0 0 0 0 0 0 0 0 
74 84 86 87 20019 0 0 0 0 0 0 0 0 0 0 
43 47 67 0 0 0 0 0 0 0 0 0 0 0 0 
71 77 9055 9062 9087 0 0 0 0 0 0 0 0 0 0 
34 47 67 73 93 98 0 0 0 0 0 0 0 0 0 
25 57 70 92 0 0 0 0 0 0 0 0 0 0 0 
10 28 64 99 9020 0 0 0 0 0 0 0 0 0 0 
13 30 56 98 0 0 0 0 0 0 0 0 0 0 0 
35 45 49 63 0 0 0 0 0 0 0 0 0 0 0 
7 19 88 0 0 0 0 0 0 0 0 0 0 0 0 
67 69 92 95 0 0 0 0 0 0 0 0 0 0 0 
94 20010 20057 20076 0 0 0 0 0 0 0 0 0 0 0 


28 43 68 92 0 0 0 0 0 0 0 0 0 0 0 
32 93 0 0 0 0 0 0 0 0 0 0 0 0 0 
20 26 28 50 83 89 0 0 0 0 0 0 0 0 0 
4 48 58 66 75 0 0 0 0 0 0 0 0 0 0 
3 32 36 58 61 64 0 0 0 0 0 0 0 0 0 
60 86 90 91 96 0 0 0 0 0 0 0 0 0 0 
99 0 0 0 0 0 0 0 0 0 0 0 0 0 0 
19 67 75 77 88 0 0 0 0 0 0 0 0 0 0 
11 36 60 1012 1059 0 0 0 0 0 0 0 0 0 0 
37 49 53 81 82 0 0 0 0 0 0 0 0 0 0 
15 25 88 0 0 0 0 0 0 0 0 0 0 0 0 
8 24 1020 0 0 0 0 0 0 0 0 0 0 0 0 
74 79 1001 1005 1098 12096 0 0 0 0 0 0 0 0 0 
45 57 69 12087 12097 0 0 0 0 0 0 0 0 0 0 
17 41 63 70 0 0 0 0 0 0 0 0 0 0 0 
10 83 89 92 0 0 0 0 0 0 0 0 0 0 0 
17 18 27 12012 12050 12056 12087 0 0 0 0 0 0 0 0 
14 16 27 0 0 0 0 0 0 0 0 0 0 0 0 
16 29 62 12056 12087 0 0 0 0 0 0 0 0 0 0 
7 63 97 0 0 0 0 0 0 0 0 0 0 0 0 
2 26 46 12014 12027 12069 0 0 0 0 0 0 0 0 0 
72 75 96 97 0 0 0 0 0 0 0 0 0 0 0 
32 55 96 0 0 0 0 0 0 0 0 0 0 0 0 
31 43 52 68 82 0 0 0 0 0 0 0 0 0 0 
11 32 60 0 0 0 0 0 0 0 0 0 0 0 0 
10 41 42 46 87 0 0 0 0 0 0 0 0 0 0 
2 20 12053 12075 0 0 0 0 0 0 0 0 0 0 0 
16 17 46 87 12012 12027 12050 0 0 0 0 0 0 0 0 
12053 2 68 0 0 0 0 0 0 0 0 0 0 0 0 
18 47 1098 12042 12056 12096 0 0 0 0 0 0 0 0 0 
60 81 90 98 1012 1016 0 0 0 0 0 0 0 0 0 
23 33 35 0 0 0 0 0 0 0 0 0 0 0 0 
1 4 22 24 91 0 0 0 0 0 0 0 0 0 0 
31 78 1069 12072 0 0 0 0 0 0 0 0 0 0 0 
54 57 65 78 0 0 0 0 0 0 0 0 0 0 0 
31 40 52 54 1050 1069 0 0 0 0 0 0 0 0 0 
4 8 64 1095 0 0 0 0 0 0 0 0 0 0 0 
9 64 74 1012 1041 0 0 0 0 0 0 0 0 0 0 
85 0 0 0 0 0 0 0 0 0 0 0 0 0 0 
44 67 82 88 89 92 0 0 0 0 0 0 0 0 0 
35 1055 1093 0 0 0 0 0 0 0 0 0 0 0 0 
14 25 77 88 99 0 0 0 0 0 0 0 0 0 0 
25 87 99 0 0 0 0 0 0 0 0 0 0 0 0 
0 23 44 56 92 0 0 0 0 0 0 0 0 0 0 
39 43 67 82 85 97 0 0 0 0 0 0 0 0 0 
13 47 65 74 76 79 0 0 0 0 0 0 0 0 0 
20 25 27 50 69 12050 0 0 0 0 0 0 0 0 0 
29 45 1041 1098 12087 12096 0 0 0 0 0 0 0 0 0 
3 53 91 97 0 0 0 0 0 0 0 0 0 0 0 
9 54 1074 0 0 0 0 0 0 0 0 0 0 0 0 
2 46 65 84 12051 0 0 0 0 0 0 0 0 0 0 
73 90 95 1093 0 0 0 0 0 0 0 0 0 0 0 
23 35 71 95 1074 0 0 0 0 0 0 0 0 0 0 
9 48 58 63 64 76 0 0 0 0 0 0 0 0 0 
34 35 49 74 1001 0 0 0 0 0 0 0 0 0 0 
22 72 93 0 0 0 0 0 0 0 0 0 0 0 0 
43 71 95 0 0 0 0 0 0 0 0 0 0 0 0 
13 34 79 12019 0 0 0 0 0 0 0 0 0 0 0 
3 4 53 61 70 77 99 0 0 0 0 0 0 0 0 
78 12009 12061 0 0 0 0 0 0 0 0 0 0 0 0 
5 8 24 30 91 0 0 0 0 0 0 0 0 0 0 
4 58 62 0 0 0 0 0 0 0 0 0 0 0 0 
18 61 76 1041 0 0 0 0 0 0 0 0 0 0 0 
14 19 53 65 77 89 0 0 0 0 0 0 0 0 0 
4 36 37 53 91 0 0 0 0 0 0 0 0 0 0 
34 45 50 63 68 69 89 0 0 0 0 0 0 0 0 
3 93 0 0 0 0 0 0 0 0 0 0 0 0 0 
7 39 44 72 0 0 0 0 0 0 0 0 0 0 0 
0 23 28 65 78 0 0 0 0 0 0 0 0 0 0 
13 46 65 76 0 0 0 0 0 0 0 0 0 0 0 
14 58 76 0 0 0 0 0 0 0 0 0 0 0 0 
52 56 81 95 97 1074 0 0 0 0 0 0 0 0 0 
21 55 67 94 0 0 0 0 0 0 0 0 0 0 0 
51 86 94 0 0 0 0 0 0 0 0 0 0 0 0 
12 37 45 54 1010 1074 0 0 0 0 0 0 0 0 0 
3 7 21 93 0 0 0 0 0 0 0 0 0 0 0 
45 53 62 69 70 0 0 0 0 0 0 0 0 0 0 
7 41 58 63 99 0 0 0 0 0 0 0 0 0 0 
33 34 59 68 84 0 0 0 0 0 0 0 0 0 0 
12 45 57 12072 12096 0 0 0 0 0 0 0 0 0 0 
85 0 0 0 0 0 0 0 0 0 0 0 0 0 0 
9 30 71 97 98 1012 0 0 0 0 0 0 0 0 0 
9 23 39 44 0 0 0 0 0 0 0 0 0 0 0 
2 15 12053 0 0 0 0 0 0 0 0 0 0 0 0 
50 78 12041 12051 12069 0 0 0 0 0 0 0 0 0 0 
38 44 80 94 0 0 0 0 0 0 0 0 0 0 0 
5 73 95 96 97 0 0 0 0 0 0 0 0 0 0 
25 27 42 12007 12014 0 0 0 0 0 0 0 0 0 0 
7 10 39 41 0 0 0 0 0 0 0 0 0 0 0 
2 15 39 63 65 0 0 0 0 0 0 0 0 0 0 
5 30 51 98 1009 1093 0 0 0 0 0 0 0 0 0 
5 32 48 60 64 96 97 0 0 0 0 0 0 0 0 
0 15 39 43 0 0 0 0 0 0 0 0 0 0 0 
1 55 66 75 0 0 0 0 0 0 0 0 0 0 0 
72 73 85 96 0 0 0 0 0 0 0 0 0 0 0 
51 52 56 71 86 98 1093 0 0 0 0 0 0 0 0 
5 21 22 86 91 94 0 0 0 0 0 0 0 0 0 
19 21 44 48 71 81 86 91 0 0 0 0 0 0 0 
30 81 90 95 1014 1074 1093 0 0 0 0 0 0 0 0 
6 41 42 58 77 0 0 0 0 0 0 0 0 0 0 


33 46 0 0 0 0 0 0 0 0 0 0 0 0 0 
28 36 81 84 90 0 0 0 0 0 0 0 0 0 0 
15 31 40 57 69 75 0 0 0 0 0 0 0 0 0 
4 17 20 25 0 0 0 0 0 0 0 0 0 0 0 
3 44 77 13064 0 0 0 0 0 0 0 0 0 0 0 
36 46 2084 0 0 0 0 0 0 0 0 0 0 0 0 
36 38 13023 13035 0 0 0 0 0 0 0 0 0 0 0 
8 67 11087 0 0 0 0 0 0 0 0 0 0 0 0 
7 57 67 0 0 0 0 0 0 0 0 0 0 0 0 
61 70 11059 2008 2024 0 0 0 0 0 0 0 0 0 0 
15 16 19 52 88 0 0 0 0 0 0 0 0 0 0 
26 28 65 2063 2079 13000 0 0 0 0 0 0 0 0 0 
11016 11027 0 0 0 0 0 0 0 0 0 0 0 0 0 
65 74 2077 2085 0 0 0 0 0 0 0 0 0 0 0 
57 11020 11087 0 0 0 0 0 0 0 0 0 0 0 0 
2 10 27 40 43 69 85 0 0 0 0 0 0 0 0 
10 48 52 54 60 74 0 0 0 0 0 0 0 0 0 
3 63 91 0 0 0 0 0 0 0 0 0 0 0 0 
59 85 0 0 0 0 0 0 0 0 0 0 0 0 0 
10 51 11057 0 0 0 0 0 0 0 0 0 0 0 0 
3 39 63 86 13064 0 0 0 0 0 0 0 0 0 0 
71 77 98 13036 13056 13073 0 0 0 0 0 0 0 0 0 
35 64 13018 13087 0 0 0 0 0 0 0 0 0 0 0 
65 13088 0 0 0 0 0 0 0 0 0 0 0 0 0 
52 55 63 66 85 0 0 0 0 0 0 0 0 0 0 
3 45 77 0 0 0 0 0 0 0 0 0 0 0 0 
11 37 2077 0 0 0 0 0 0 0 0 0 0 0 0 
15 50 52 11020 11027 0 0 0 0 0 0 0 0 0 0 
1 11 82 2049 2085 0 0 0 0 0 0 0 0 0 0 
50 52 80 97 2012 0 0 0 0 0 0 0 0 0 0 
73 13013 13087 13093 0 0 0 0 0 0 0 0 0 0 0 
2 41 75 0 0 0 0 0 0 0 0 0 0 0 0 
45 64 78 95 0 0 0 0 0 0 0 0 0 0 0 
0 39 40 63 70 0 0 0 0 0 0 0 0 0 0 
55 67 0 0 0 0 0 0 0 0 0 0 0 0 0 
22 78 92 13095 0 0 0 0 0 0 0 0 0 0 0 
1 5 6 39 58 68 81 94 0 0 0 0 0 0 0 
26 65 93 0 0 0 0 0 0 0 0 0 0 0 0 
6 13031 13035 13073 13089 0 0 0 0 0 0 0 0 0 0 
20 33 36 47 58 74 0 0 0 0 0 0 0 0 0 
2 15 33 63 86 0 0 0 0 0 0 0 0 0 0 
31 43 53 61 11084 0 0 0 0 0 0 0 0 0 0 
56 11029 2012 2053 0 0 0 0 0 0 0 0 0 0 0 
15 41 51 61 69 0 0 0 0 0 0 0 0 0 0 
4 47 58 86 0 0 0 0 0 0 0 0 0 0 0 
25 32 73 0 0 0 0 0 0 0 0 0 0 0 0 
0 5 61 70 2008 0 0 0 0 0 0 0 0 0 0 
39 44 68 77 91 0 0 0 0 0 0 0 0 0 0 
16 62 65 74 84 95 0 0 0 0 0 0 0 0 0 
2001 2008 2029 2085 0 0 0 0 0 0 0 0 0 0 0 
27 29 51 87 11016 11027 11046 0 0 0 0 0 0 0 0 
19 43 50 69 11050 11084 0 0 0 0 0 0 0 0 0 
10 16 24 27 29 54 67 0 0 0 0 0 0 0 0 
41 69 75 11026 11028 11083 0 0 0 0 0 0 0 0 0 
16 52 0 0 0 0 0 0 0 0 0 0 0 0 0 
24 34 85 0 0 0 0 0 0 0 0 0 0 0 0 
42 11016 11018 11029 0 0 0 0 0 0 0 0 0 0 0 
2 8 14 85 0 0 0 0 0 0 0 0 0 0 0 
36 39 44 86 98 0 0 0 0 0 0 0 0 0 0 
18 75 99 0 0 0 0 0 0 0 0 0 0 0 0 
16 80 88 2012 2077 2082 0 0 0 0 0 0 0 0 0 
9 41 43 46 11059 0 0 0 0 0 0 0 0 0 0 
48 76 78 0 0 0 0 0 0 0 0 0 0 0 0 
17 20 24 33 40 74 0 0 0 0 0 0 0 0 0 
22 32 73 0 0 0 0 0 0 0 0 0 0 0 0 
11 13 23 37 48 76 0 0 0 0 0 0 0 0 0 
24 67 93 0 0 0 0 0 0 0 0 0 0 0 0 
7 8 34 52 66 0 0 0 0 0 0 0 0 0 0 
36 47 71 98 13035 0 0 0 0 0 0 0 0 0 0 
2 15 43 51 53 11020 11084 0 0 0 0 0 0 0 0 
9 33 46 2001 0 0 0 0 0 0 0 0 0 0 0 
21 68 79 84 91 92 13050 13073 0 0 0 0 0 0 0 
11033 11079 2055 0 0 0 0 0 0 0 0 0 0 0 0 
30 45 64 78 79 91 92 13006 0 0 0 0 0 0 0 
13 16 39 48 63 81 84 0 0 0 0 0 0 0 0 
2 31 53 59 11026 0 0 0 0 0 0 0 0 0 0 
62 65 82 84 90 13006 13042 0 0 0 0 0 0 0 0 
4 21 25 47 79 13036 13040 13056 0 0 0 0 0 0 0 
32 35 62 73 95 0 0 0 0 0 0 0 0 0 0 
71 73 77 13013 13056 0 0 0 0 0 0 0 0 0 0 
29 60 2082 0 0 0 0 0 0 0 0 0 0 0 0 
1 36 74 2085 0 0 0 0 0 0 0 0 0 0 0 
28 76 2079 13000 13042 0 0 0 0 0 0 0 0 0 0 
94 13035 0 0 0 0 0 0 0 0 0 0 0 0 0 
1 48 71 74 76 91 0 0 0 0 0 0 0 0 0 
15 18 24 55 57 0 0 0 0 0 0 0 0 0 0 
20 40 44 58 99 0 0 0 0 0 0 0 0 0 0 
50 11013 11016 11018 11047 0 0 0 0 0 0 0 0 0 0 
10 60 2001 2012 0 0 0 0 0 0 0 0 0 0 0 
2001 2024 2055 0 0 0 0 0 0 0 0 0 0 0 0 
1 76 13035 13073 0 0 0 0 0 0 0 0 0 0 0 
17 47 71 73 84 0 0 0 0 0 0 0 0 0 0 
35 71 73 13050 13087 0 0 0 0 0 0 0 0 0 0 
37 66 0 0 0 0 0 0 0 0 0 0 0 0 0 
36 83 2084 13023 13035 0 0 0 0 0 0 0 0 0 0 
32 48 78 0 0 0 0 0 0 0 0 0 0 0 0 
97 11012 11029 11047 11079 2027 2031 2055 0 0 0 0 0 0 0 
29 96 11013 2012 2027 0 0 0 0 0 0 0 0 0 0 
21 58 68 13036 0 0 0 0 0 0 0 0 0 0 0 
59 86 0 0 0 0 0 0 0 0 0 0 0 0 0 


12011 12082 3020 3040 3041 0 0 0 0 0 0 0 0 0 0 
20 35 62 89 3022 3098 0 0 0 0 0 0 0 0 0 
34 44 67 90 0 0 0 0 0 0 0 0 0 0 0 
49 3002 3034 3059 0 0 0 0 0 0 0 0 0 0 0 
71 92 98 14096 0 0 0 0 0 0 0 0 0 0 0 
25 63 90 99 0 0 0 0 0 0 0 0 0 0 0 
12073 12076 0 0 0 0 0 0 0 0 0 0 0 0 0 
9 29 58 81 94 14094 0 0 0 0 0 0 0 0 0 
44 58 14060 14065 0 0 0 0 0 0 0 0 0 0 0 
7 27 39 66 14030 14059 14060 0 0 0 0 0 0 0 0 
34 43 47 74 81 14017 0 0 0 0 0 0 0 0 0 
14 34 44 0 0 0 0 0 0 0 0 0 0 0 0 
37 49 76 78 82 3025 0 0 0 0 0 0 0 0 0 
93 12030 12079 0 0 0 0 0 0 0 0 0 0 0 0 
11 24 28 47 0 0 0 0 0 0 0 0 0 0 0 
21 83 14026 14059 0 0 0 0 0 0 0 0 0 0 0 
30 31 50 55 56 67 73 0 0 0 0 0 0 0 0 
41 75 91 3077 14087 0 0 0 0 0 0 0 0 0 0 
34 12022 0 0 0 0 0 0 0 0 0 0 0 0 0 
28 44 53 81 0 0 0 0 0 0 0 0 0 0 0 
1 32 38 55 73 0 0 0 0 0 0 0 0 0 0 
15 28 97 14059 0 0 0 0 0 0 0 0 0 0 0 
82 96 3037 0 0 0 0 0 0 0 0 0 0 0 0 
35 12006 12094 3039 3094 0 0 0 0 0 0 0 0 0 0 
14 53 61 14017 0 0 0 0 0 0 0 0 0 0 0 
5 29 70 72 85 0 0 0 0 0 0 0 0 0 0 
93 99 0 0 0 0 0 0 0 0 0 0 0 0 0 
9 37 43 81 83 14094 0 0 0 0 0 0 0 0 0 
14 19 21 39 0 0 0 0 0 0 0 0 0 0 0 
7 25 67 85 86 90 98 0 0 0 0 0 0 0 0 
16 56 87 93 0 0 0 0 0 0 0 0 0 0 0 
16 52 70 89 12038 0 0 0 0 0 0 0 0 0 0 
20 42 46 49 3048 3059 3098 0 0 0 0 0 0 0 0 
65 88 95 3040 3041 0 0 0 0 0 0 0 0 0 0 
2 10 11 18 47 93 0 0 0 0 0 0 0 0 0 
1 23 73 12006 12038 12068 12083 12090 12094 3098 0 0 0 0 0 
40 52 12021 12077 12098 0 0 0 0 0 0 0 0 0 0 
12 27 41 51 54 60 68 81 14094 0 0 0 0 0 0 
20 62 3003 3037 0 0 0 0 0 0 0 0 0 0 0 
9 28 45 61 14023 14059 14060 0 0 0 0 0 0 0 0 
36 56 63 12077 0 0 0 0 0 0 0 0 0 0 0 
17 37 97 3025 14045 14087 0 0 0 0 0 0 0 0 0 
32 46 50 95 12076 12082 3040 0 0 0 0 0 0 0 0 
10 27 80 91 0 0 0 0 0 0 0 0 0 0 0 
2 8 11 19 90 14065 0 0 0 0 0 0 0 0 0 
39 61 14009 14023 0 0 0 0 0 0 0 0 0 0 0 
32 42 51 65 74 77 0 0 0 0 0 0 0 0 0 
10 14 34 74 80 0 0 0 0 0 0 0 0 0 0 
0 0 0 0 0 0 0 0 0 0 0 0 0 0 0 
3 12 32 60 3003 0 0 0 0 0 0 0 0 0 0 
16 42 73 12071 12092 0 0 0 0 0 0 0 0 0 0 
37 46 65 80 3025 0 0 0 0 0 0 0 0 0 0 
31 36 56 99 0 0 0 0 0 0 0 0 0 0 0 
19 24 14017 0 0 0 0 0 0 0 0 0 0 0 0 
37 66 69 82 0 0 0 0 0 0 0 0 0 0 0 
16 20 60 67 68 96 0 0 0 0 0 0 0 0 0 
16 30 40 52 99 12021 12077 12079 0 0 0 0 0 0 0 
58 84 14057 14062 0 0 0 0 0 0 0 0 0 0 0 
7 8 57 72 84 94 14051 0 0 0 0 0 0 0 0 
66 79 82 14021 14022 14075 0 0 0 0 0 0 0 0 0 
37 49 55 67 74 81 0 0 0 0 0 0 0 0 0 
24 39 45 14023 0 0 0 0 0 0 0 0 0 0 0 
1 38 89 3022 3036 3037 0 0 0 0 0 0 0 0 0 
5 40 99 0 0 0 0 0 0 0 0 0 0 0 0 
12004 12020 0 0 0 0 0 0 0 0 0 0 0 0 0 
33 46 51 80 3011 3048 3077 0 0 0 0 0 0 0 0 
9 54 59 86 94 14030 14067 14088 14094 0 0 0 0 0 0 
2 16 29 55 60 81 99 0 0 0 0 0 0 0 0 
37 55 81 82 86 14094 0 0 0 0 0 0 0 0 0 
54 76 83 14000 14021 0 0 0 0 0 0 0 0 0 0 
25 31 96 99 0 0 0 0 0 0 0 0 0 0 0 
4 84 85 94 14067 14093 14096 0 0 0 0 0 0 0 0 
25 58 14065 0 0 0 0 0 0 0 0 0 0 0 0 
16 20 35 50 12021 12038 12071 12090 0 0 0 0 0 0 0 
10 46 47 60 77 87 0 0 0 0 0 0 0 0 0 
17 14087 0 0 0 0 0 0 0 0 0 0 0 0 0 
12 69 79 14087 0 0 0 0 0 0 0 0 0 0 0 
46 74 80 0 0 0 0 0 0 0 0 0 0 0 0 
12 82 3008 3074 3088 14075 0 0 0 0 0 0 0 0 0 
59 76 92 14075 0 0 0 0 0 0 0 0 0 0 0 
43 47 51 65 77 91 0 0 0 0 0 0 0 0 0 
7 10 19 27 37 60 67 68 0 0 0 0 0 0 0 
12 22 54 59 68 78 86 0 0 0 0 0 0 0 0 
15 27 69 14045 14059 14088 14094 0 0 0 0 0 0 0 0 
57 58 71 85 0 0 0 0 0 0 0 0 0 0 0 
25 29 71 84 98 0 0 0 0 0 0 0 0 0 0 
29 66 68 82 14094 0 0 0 0 0 0 0 0 0 0 
30 74 12022 12030 12092 0 0 0 0 0 0 0 0 0 0 
33 12023 0 0 0 0 0 0 0 0 0 0 0 0 0 
1 31 62 96 12038 0 0 0 0 0 0 0 0 0 0 
2 5 29 44 0 0 0 0 0 0 0 0 0 0 0 
17 43 80 97 0 0 0 0 0 0 0 0 0 0 0 
4 79 3008 0 0 0 0 0 0 0 0 0 0 0 0 
13 26 30 34 12030 0 0 0 0 0 0 0 0 0 0 
7 58 66 71 14057 0 0 0 0 0 0 0 0 0 0 
33 42 12035 0 0 0 0 0 0 0 0 0 0 0 0 
22 55 70 89 98 0 0 0 0 0 0 0 0 0 0 
21 41 91 14045 0 0 0 0 0 0 0 0 0 0 0 
4 29 85 96 0 0 0 0 0 0 0 0 0 0 0 
5 26 52 56 63 67 70 0 0 0 0 0 0 0 0 


6 13069 4009 4010 4050 4062 4095 0 0 0 0 0 0 0 0 
33 39 0 0 0 0 0 0 0 0 0 0 0 0 0 
70 72 77 83 89 0 0 0 0 0 0 0 0 0 0 
24 35 36 47 0 0 0 0 0 0 0 0 0 0 0 
9 30 41 79 0 0 0 0 0 0 0 0 0 0 0 
99 4003 0 0 0 0 0 0 0 0 0 0 0 0 0 
0 16 21 27 48 4062 0 0 0 0 0 0 0 0 0 
8 25 42 83 15027 0 0 0 0 0 0 0 0 0 0 
7 49 15010 15052 15096 0 0 0 0 0 0 0 0 0 0 
4 34 41 76 81 13045 0 0 0 0 0 0 0 0 0 
28 32 33 71 0 0 0 0 0 0 0 0 0 0 0 
56 74 85 4005 4023 0 0 0 0 0 0 0 0 0 0 
25 29 63 70 92 95 15091 0 0 0 0 0 0 0 0 
39 42 63 82 15040 15052 15057 0 0 0 0 0 0 0 0 
15 91 15015 15033 0 0 0 0 0 0 0 0 0 0 0 
14 35 43 52 80 82 0 0 0 0 0 0 0 0 0 
6 28 38 46 71 80 0 0 0 0 0 0 0 0 0 
13010 13024 13053 0 0 0 0 0 0 0 0 0 0 0 0 
52 91 15061 15091 0 0 0 0 0 0 0 0 0 0 0 
43 4005 0 0 0 0 0 0 0 0 0 0 0 0 0 
37 43 64 68 0 0 0 0 0 0 0 0 0 0 0 
6 13059 13069 4062 4095 0 0 0 0 0 0 0 0 0 0 
13059 4023 4095 0 0 0 0 0 0 0 0 0 0 0 0 
41 60 13039 13045 13061 0 0 0 0 0 0 0 0 0 0 
3 91 0 0 0 0 0 0 0 0 0 0 0 0 0 
7 12 42 72 0 0 0 0 0 0 0 0 0 0 0 
45 13015 0 0 0 0 0 0 0 0 0 0 0 0 0 
6 28 71 99 4003 4067 0 0 0 0 0 0 0 0 0 
10 16 27 66 74 4033 4067 15054 0 0 0 0 0 0 0 
12 70 89 15011 15019 0 0 0 0 0 0 0 0 0 0 
4 41 60 13009 13066 0 0 0 0 0 0 0 0 0 0 
46 54 58 76 79 0 0 0 0 0 0 0 0 0 0 
10 40 4055 4071 4093 0 0 0 0 0 0 0 0 0 0 
1 10 42 15040 15041 0 0 0 0 0 0 0 0 0 0 
9 44 76 77 0 0 0 0 0 0 0 0 0 0 0 
3 15 68 0 0 0 0 0 0 0 0 0 0 0 0 
3 50 61 62 90 0 0 0 0 0 0 0 0 0 0 
20 38 50 80 85 0 0 0 0 0 0 0 0 0 0 
16 37 56 79 88 0 0 0 0 0 0 0 0 0 0 
1 13 97 98 15040 15054 15057 0 0 0 0 0 0 0 0 
32 49 99 0 0 0 0 0 0 0 0 0 0 0 0 
4 9 23 30 60 61 76 0 0 0 0 0 0 0 0 
7 13 25 33 71 15054 0 0 0 0 0 0 0 0 0 
15 19 20 97 0 0 0 0 0 0 0 0 0 0 0 
34 77 86 0 0 0 0 0 0 0 0 0 0 0 0 
26 13041 13083 13097 0 0 0 0 0 0 0 0 0 0 0 
16 31 53 71 83 86 15027 0 0 0 0 0 0 0 0 
3 52 58 92 0 0 0 0 0 0 0 0 0 0 0 
6 86 0 0 0 0 0 0 0 0 0 0 0 0 0 
8 40 84 15028 0 0 0 0 0 0 0 0 0 0 0 
36 37 57 62 68 79 90 93 0 0 0 0 0 0 0 
13058 0 0 0 0 0 0 0 0 0 0 0 0 0 0 
15 18 47 63 15061 0 0 0 0 0 0 0 0 0 0 
46 54 63 71 72 98 15054 0 0 0 0 0 0 0 0 
31 53 72 90 92 0 0 0 0 0 0 0 0 0 0 
70 72 76 77 92 0 0 0 0 0 0 0 0 0 0 
11 38 64 74 85 0 0 0 0 0 0 0 0 0 0 
50 60 61 13057 13094 0 0 0 0 0 0 0 0 0 0 
31 47 61 90 0 0 0 0 0 0 0 0 0 0 0 
13009 13015 13021 13039 13083 0 0 0 0 0 0 0 0 0 0 
23 30 41 57 13008 13009 13039 0 0 0 0 0 0 0 0 
36 41 57 58 0 0 0 0 0 0 0 0 0 0 0 
36 50 13057 0 0 0 0 0 0 0 0 0 0 0 0 
12 13 52 53 95 0 0 0 0 0 0 0 0 0 0 
20 56 98 0 0 0 0 0 0 0 0 0 0 0 0 
13008 13044 13072 0 0 0 0 0 0 0 0 0 0 0 0 
28 97 4033 0 0 0 0 0 0 0 0 0 0 0 0 
93 96 13066 13071 0 0 0 0 0 0 0 0 0 0 0 
20 35 50 90 0 0 0 0 0 0 0 0 0 0 0 
0 0 0 0 0 0 0 0 0 0 0 0 0 0 0 
2 12 29 55 77 0 0 0 0 0 0 0 0 0 0 
10 16 27 42 46 53 99 0 0 0 0 0 0 0 0 
2 25 53 54 55 0 0 0 0 0 0 0 0 0 0 
0 0 0 0 0 0 0 0 0 0 0 0 0 0 0 
11 28 56 4005 4029 4033 4062 0 0 0 0 0 0 0 0 
13059 13078 13079 4011 0 0 0 0 0 0 0 0 0 0 0 
9 31 34 41 55 0 0 0 0 0 0 0 0 0 0 
2 34 44 55 70 0 0 0 0 0 0 0 0 0 0 
0 0 0 0 0 0 0 0 0 0 0 0 0 0 0 
4 31 38 50 0 0 0 0 0 0 0 0 0 0 0 
15 16 37 90 0 0 0 0 0 0 0 0 0 0 0 
9 86 0 0 0 0 0 0 0 0 0 0 0 0 0 
13 15 15015 15057 15061 15072 0 0 0 0 0 0 0 0 0 
2 7 46 86 0 0 0 0 0 0 0 0 0 0 0 
49 0 0 0 0 0 0 0 0 0 0 0 0 0 0 
11 37 56 93 96 0 0 0 0 0 0 0 0 0 0 
44 46 48 81 83 99 0 0 0 0 0 0 0 0 0 
13017 13041 13075 13076 4011 4026 0 0 0 0 0 0 0 0 0 
38 13066 13083 0 0 0 0 0 0 0 0 0 0 0 0 
2 29 15096 0 0 0 0 0 0 0 0 0 0 0 0 
36 50 54 58 68 80 0 0 0 0 0 0 0 0 0 
14 18 24 15033 15061 15097 0 0 0 0 0 0 0 0 0 
12 47 54 55 0 0 0 0 0 0 0 0 0 0 0 
50 67 85 13071 0 0 0 0 0 0 0 0 0 0 0 
13007 13027 13037 13066 13068 13083 13086 0 0 0 0 0 0 0 0 
12 63 15011 15045 15061 15091 0 0 0 0 0 0 0 0 0 
67 85 13004 13071 0 0 0 0 0 0 0 0 0 0 0 
39 43 66 98 15015 15020 15051 15057 0 0 0 0 0 0 0 
39 53 64 97 0 0 0 0 0 0 0 0 0 0 0 
5 27 40 71 86 0 0 0 0 0 0 0 0 0 0 


37 76 0 0 0 0 0 0 0 0 0 0 0 0 0 
13 14 31 5011 0 0 0 0 0 0 0 0 0 0 0 
23 77 99 16009 16025 16047 16075 0 0 0 0 0 0 0 0 
22 26 76 93 0 0 0 0 0 0 0 0 0 0 0 
76 82 0 0 0 0 0 0 0 0 0 0 0 0 0 
58 79 85 5025 5057 5066 0 0 0 0 0 0 0 0 0 
50 53 83 93 0 0 0 0 0 0 0 0 0 0 0 
8 49 67 88 0 0 0 0 0 0 0 0 0 0 0 
7 87 0 0 0 0 0 0 0 0 0 0 0 0 0 
21 24 89 16041 16076 0 0 0 0 0 0 0 0 0 0 
16 52 14008 5052 0 0 0 0 0 0 0 0 0 0 0 
64 14029 14095 0 0 0 0 0 0 0 0 0 0 0 0 
36 43 0 0 0 0 0 0 0 0 0 0 0 0 0 
1 5006 5009 0 0 0 0 0 0 0 0 0 0 0 0 
1 56 79 5011 5022 0 0 0 0 0 0 0 0 0 0 
33 51 14014 14082 14097 0 0 0 0 0 0 0 0 0 0 
10 67 70 87 0 0 0 0 0 0 0 0 0 0 0 
35 36 39 86 0 0 0 0 0 0 0 0 0 0 0 
44 68 71 78 5025 5040 5088 0 0 0 0 0 0 0 0 
62 14029 0 0 0 0 0 0 0 0 0 0 0 0 0 
51 14097 0 0 0 0 0 0 0 0 0 0 0 0 0 
9 29 99 16041 16076 16094 0 0 0 0 0 0 0 0 0 
3 42 53 80 81 94 95 0 0 0 0 0 0 0 0 
2 24 29 59 60 78 16025 16045 0 0 0 0 0 0 0 
9 23 29 34 37 16041 0 0 0 0 0 0 0 0 0 
0 0 0 0 0 0 0 0 0 0 0 0 0 0 0 
3 43 62 91 0 0 0 0 0 0 0 0 0 0 0 
14007 14046 0 0 0 0 0 0 0 0 0 0 0 0 0 
14049 5055 0 0 0 0 0 0 0 0 0 0 0 0 0 
21 23 24 30 44 68 81 16025 0 0 0 0 0 0 0 
29 46 49 92 0 0 0 0 0 0 0 0 0 0 0 
1 60 71 73 77 78 0 0 0 0 0 0 0 0 0 
34 38 49 74 0 0 0 0 0 0 0 0 0 0 0 
15 61 75 98 14014 14091 0 0 0 0 0 0 0 0 0 
24 32 74 76 80 16045 0 0 0 0 0 0 0 0 0 
17 36 42 66 79 86 94 0 0 0 0 0 0 0 0 
12 17 35 75 83 93 0 0 0 0 0 0 0 0 0 
16002 24 38 59 16046 0 0 0 0 0 0 0 0 0 0 
32 37 84 0 0 0 0 0 0 0 0 0 0 0 0 
17 86 94 16066 16085 0 0 0 0 0 0 0 0 0 0 
14013 14033 14039 0 0 0 0 0 0 0 0 0 0 0 0 
14033 5015 5052 5066 5093 0 0 0 0 0 0 0 0 0 0 
22 35 64 66 74 90 0 0 0 0 0 0 0 0 0 
12 26 45 75 97 0 0 0 0 0 0 0 0 0 0 
18 29 70 88 90 5088 0 0 0 0 0 0 0 0 0 
43 66 14095 0 0 0 0 0 0 0 0 0 0 0 0 
30 92 16076 0 0 0 0 0 0 0 0 0 0 0 0 
68 69 5084 16025 0 0 0 0 0 0 0 0 0 0 0 
53 16091 16099 0 0 0 0 0 0 0 0 0 0 0 0 
7 30 32 0 0 0 0 0 0 0 0 0 0 0 0 
6 16090 0 0 0 0 0 0 0 0 0 0 0 0 0 
15 20 56 14097 5081 0 0 0 0 0 0 0 0 0 0 
10 66 14008 14013 0 0 0 0 0 0 0 0 0 0 0 
6 22 48 63 83 0 0 0 0 0 0 0 0 0 0 
14028 14039 14042 14053 0 0 0 0 0 0 0 0 0 0 0 
65 83 16090 0 0 0 0 0 0 0 0 0 0 0 0 
14 51 79 98 5022 0 0 0 0 0 0 0 0 0 0 
72 14013 14039 14082 14097 0 0 0 0 0 0 0 0 0 0 
5 5066 5098 0 0 0 0 0 0 0 0 0 0 0 0 
23 37 80 16021 16027 16041 16075 16099 0 0 0 0 0 0 0 
23 31 63 65 73 94 16066 0 0 0 0 0 0 0 0 
33 72 14018 14052 14082 14091 14095 0 0 0 0 0 0 0 0 
19 26 74 0 0 0 0 0 0 0 0 0 0 0 0 
53 60 65 80 16099 0 0 0 0 0 0 0 0 0 0 
11 42 67 74 87 0 0 0 0 0 0 0 0 0 0 
55 60 63 16004 16011 16047 16090 0 0 0 0 0 0 0 0 
35 42 45 52 72 79 85 90 0 0 0 0 0 0 0 
7 16 64 82 96 0 0 0 0 0 0 0 0 0 0 
18 29 47 71 92 0 0 0 0 0 0 0 0 0 0 
47 71 77 0 0 0 0 0 0 0 0 0 0 0 0 
16 44 85 87 88 5088 0 0 0 0 0 0 0 0 0 
18 31 68 69 78 5009 16025 16042 0 0 0 0 0 0 0 
57 61 66 98 14082 0 0 0 0 0 0 0 0 0 0 
31 60 16095 0 0 0 0 0 0 0 0 0 0 0 0 
32 34 42 62 64 76 0 0 0 0 0 0 0 0 0 
33 36 43 98 0 0 0 0 0 0 0 0 0 0 0 
16002 3 4 34 74 84 0 0 0 0 0 0 0 0 0 
2 31 69 16042 16095 16098 0 0 0 0 0 0 0 0 0 
18 23 31 71 81 86 90 0 0 0 0 0 0 0 0 
5 14 35 56 66 86 5025 0 0 0 0 0 0 0 0 
22 34 59 63 95 0 0 0 0 0 0 0 0 0 0 
22 29 78 90 16045 0 0 0 0 0 0 0 0 0 0 
4 67 96 0 0 0 0 0 0 0 0 0 0 0 0 
6 36 53 55 94 0 0 0 0 0 0 0 0 0 0 
38 76 16002 16055 0 0 0 0 0 0 0 0 0 0 0 
5 66 70 87 90 5025 5066 0 0 0 0 0 0 0 0 
17 35 39 78 79 0 0 0 0 0 0 0 0 0 0 
8 16 64 70 85 90 0 0 0 0 0 0 0 0 0 
7 44 70 92 5075 0 0 0 0 0 0 0 0 0 0 
9 16015 16028 16031 16041 16046 16062 16076 0 0 0 0 0 0 0 
42 44 66 78 81 85 87 0 0 0 0 0 0 0 0 
26 14012 14018 14095 0 0 0 0 0 0 0 0 0 0 0 
30 46 68 88 5020 5075 0 0 0 0 0 0 0 0 0 
3 6 36 0 0 0 0 0 0 0 0 0 0 0 0 
22 35 39 60 83 0 0 0 0 0 0 0 0 0 0 
22 80 0 0 0 0 0 0 0 0 0 0 0 0 0 
67 82 14008 14089 0 0 0 0 0 0 0 0 0 0 0 
43 14091 0 0 0 0 0 0 0 0 0 0 0 0 0 
33 56 72 75 0 0 0 0 0 0 0 0 0 0 0 
2 21 16009 16028 16041 16075 16076 0 0 0 0 0 0 0 0 


11 0 0 0 0 0 0 0 0 0 0 0 0 0 0 
26 29 34 17004 17093 0 0 0 0 0 0 0 0 0 0 
55 15037 15076 15084 0 0 0 0 0 0 0 0 0 0 0 
59 70 17037 17086 17099 0 0 0 0 0 0 0 0 0 0 
30 65 78 99 15065 0 0 0 0 0 0 0 0 0 0 
50 17031 17035 17038 17046 0 0 0 0 0 0 0 0 0 0 
13 17 28 53 78 84 0 0 0 0 0 0 0 0 0 
16 59 69 0 0 0 0 0 0 0 0 0 0 0 0 
13 23 73 79 6043 6087 0 0 0 0 0 0 0 0 0 
13 75 87 98 15002 15099 6084 0 0 0 0 0 0 0 0 
12 48 17046 17069 17082 0 0 0 0 0 0 0 0 0 0 
0 15065 0 0 0 0 0 0 0 0 0 0 0 0 0 
10 32 34 35 38 50 17095 0 0 0 0 0 0 0 0 
6 8 9 37 78 0 0 0 0 0 0 0 0 0 0 
39 50 64 82 86 0 0 0 0 0 0 0 0 0 0 
20 46 61 15089 0 0 0 0 0 0 0 0 0 0 0 
7 79 17074 17089 17090 0 0 0 0 0 0 0 0 0 0 
6 21 84 0 0 0 0 0 0 0 0 0 0 0 0 
26 32 73 82 88 0 0 0 0 0 0 0 0 0 0 
56 93 17031 17035 0 0 0 0 0 0 0 0 0 0 0 
15 22 57 61 17049 0 0 0 0 0 0 0 0 0 0 
17 52 99 15059 0 0 0 0 0 0 0 0 0 0 0 
20 37 0 0 0 0 0 0 0 0 0 0 0 0 0 
8 36 73 78 0 0 0 0 0 0 0 0 0 0 0 
49 57 86 93 17005 17080 0 0 0 0 0 0 0 0 0 
15002 15023 15029 15047 15071 6099 0 0 0 0 0 0 0 0 0 
1 18 74 79 88 6087 0 0 0 0 0 0 0 0 0 
15059 0 0 0 0 0 0 0 0 0 0 0 0 0 0 
6 31 41 68 15089 15099 0 0 0 0 0 0 0 0 0 
1 79 82 17028 17037 17056 17090 0 0 0 0 0 0 0 0 
4 39 65 78 0 0 0 0 0 0 0 0 0 0 0 
28 60 15089 0 0 0 0 0 0 0 0 0 0 0 0 
12 18 33 34 0 0 0 0 0 0 0 0 0 0 0 
32 50 71 86 0 0 0 0 0 0 0 0 0 0 0 
1 12 32 17028 17046 0 0 0 0 0 0 0 0 0 0 
12 48 60 71 0 0 0 0 0 0 0 0 0 0 0 
23 69 6079 6082 0 0 0 0 0 0 0 0 0 0 0 
13 22 53 88 17054 0 0 0 0 0 0 0 0 0 0 
12 80 17064 17068 0 0 0 0 0 0 0 0 0 0 0 
14 30 53 73 92 97 17043 0 0 0 0 0 0 0 0 
74 17093 0 0 0 0 0 0 0 0 0 0 0 0 0 
28 15009 15021 15024 15059 15089 15099 0 0 0 0 0 0 0 0 
15071 15077 0 0 0 0 0 0 0 0 0 0 0 0 0 
49 52 84 0 0 0 0 0 0 0 0 0 0 0 0 
52 63 77 99 0 0 0 0 0 0 0 0 0 0 0 
15023 15034 15081 0 0 0 0 0 0 0 0 0 0 0 0 
15 61 15037 15089 0 0 0 0 0 0 0 0 0 0 0 
75 78 95 15002 15065 6080 0 0 0 0 0 0 0 0 0 
10 35 74 17054 0 0 0 0 0 0 0 0 0 0 0 
24 43 86 17049 0 0 0 0 0 0 0 0 0 0 0 
5 12 14 33 56 81 93 17031 0 0 0 0 0 0 0 
72 96 0 0 0 0 0 0 0 0 0 0 0 0 0 
21 43 44 83 91 99 0 0 0 0 0 0 0 0 0 
6 37 39 86 0 0 0 0 0 0 0 0 0 0 0 
56 64 72 89 0 0 0 0 0 0 0 0 0 0 0 
2 83 15084 0 0 0 0 0 0 0 0 0 0 0 0 
19 50 54 86 17080 0 0 0 0 0 0 0 0 0 0 
20 24 71 0 0 0 0 0 0 0 0 0 0 0 0 
64 17003 17031 0 0 0 0 0 0 0 0 0 0 0 0 
3 7 97 17037 17041 0 0 0 0 0 0 0 0 0 0 
31 35 6001 17025 17054 0 0 0 0 0 0 0 0 0 0 
15 20 46 83 0 0 0 0 0 0 0 0 0 0 0 
15089 6083 0 0 0 0 0 0 0 0 0 0 0 0 0 
44 72 0 0 0 0 0 0 0 0 0 0 0 0 0 
14 54 58 70 81 89 17043 17099 0 0 0 0 0 0 0 
4 30 92 96 0 0 0 0 0 0 0 0 0 0 0 
15039 15060 0 0 0 0 0 0 0 0 0 0 0 0 0 
6001 6010 6083 6093 17032 0 0 0 0 0 0 0 0 0 0 
28 87 6083 0 0 0 0 0 0 0 0 0 0 0 0 
7 36 73 6082 0 0 0 0 0 0 0 0 0 0 0 
3 64 92 0 0 0 0 0 0 0 0 0 0 0 0 
33 35 57 93 17005 17011 0 0 0 0 0 0 0 0 0 
51 54 63 86 92 0 0 0 0 0 0 0 0 0 0 
8 18 23 39 69 79 82 97 0 0 0 0 0 0 0 
26 40 48 17025 17054 0 0 0 0 0 0 0 0 0 0 
9 47 78 15002 15059 15099 0 0 0 0 0 0 0 0 0 
15009 15021 15046 15089 15099 6045 0 0 0 0 0 0 0 0 0 
44 90 0 0 0 0 0 0 0 0 0 0 0 0 0 
4 6 13 23 30 47 75 0 0 0 0 0 0 0 0 
8 16 26 29 73 6021 0 0 0 0 0 0 0 0 0 
38 93 17005 17064 17080 0 0 0 0 0 0 0 0 0 0 
50 64 17028 17031 17071 0 0 0 0 0 0 0 0 0 0 
14 18 29 73 17037 0 0 0 0 0 0 0 0 0 0 
52 55 61 91 0 0 0 0 0 0 0 0 0 0 0 
6 17 43 17049 0 0 0 0 0 0 0 0 0 0 0 
15039 0 0 0 0 0 0 0 0 0 0 0 0 0 0 
14 24 33 49 53 56 72 0 0 0 0 0 0 0 0 
9 68 6010 6033 6043 6054 6087 0 0 0 0 0 0 0 0 
18 26 37 6001 6010 17025 17054 0 0 0 0 0 0 0 0 
54 64 17059 0 0 0 0 0 0 0 0 0 0 0 0 
77 15050 15055 15065 0 0 0 0 0 0 0 0 0 0 0 
52 83 99 15048 0 0 0 0 0 0 0 0 0 0 0 
39 65 70 72 0 0 0 0 0 0 0 0 0 0 0 
19 24 50 71 80 17095 0 0 0 0 0 0 0 0 0 
15021 6045 6081 6083 6084 0 0 0 0 0 0 0 0 0 0 
47 15073 15077 6079 0 0 0 0 0 0 0 0 0 0 0 
51 65 0 0 0 0 0 0 0 0 0 0 0 0 0 
39 59 73 17043 17056 0 0 0 0 0 0 0 0 0 0 
9 15077 6068 6079 6080 6084 0 0 0 0 0 0 0 0 0 
4 21 44 52 91 15048 15059 15063 0 0 0 0 0 0 0 


18 66 76 77 94 0 0 0 0 0 0 0 0 0 0 
30 60 87 18011 18017 18028 18038 18048 18065 18099 0 0 0 0 0 
12 19 20 26 52 81 98 0 0 0 0 0 0 0 0 
21 59 71 16058 0 0 0 0 0 0 0 0 0 0 0 
22 77 90 16001 7052 7057 0 0 0 0 0 0 0 0 0 
16024 16071 16080 0 0 0 0 0 0 0 0 0 0 0 0 
55 62 0 0 0 0 0 0 0 0 0 0 0 0 0 
24 60 62 18028 0 0 0 0 0 0 0 0 0 0 0 
55 58 73 75 18019 0 0 0 0 0 0 0 0 0 0 
13 20 51 97 98 0 0 0 0 0 0 0 0 0 0 
17 34 45 55 0 0 0 0 0 0 0 0 0 0 0 
16071 0 0 0 0 0 0 0 0 0 0 0 0 0 0 
2 18 91 7008 0 0 0 0 0 0 0 0 0 0 0 
9 57 97 18070 0 0 0 0 0 0 0 0 0 0 0 
35 45 0 0 0 0 0 0 0 0 0 0 0 0 0 
20 45 75 96 0 0 0 0 0 0 0 0 0 0 0 
27 70 0 0 0 0 0 0 0 0 0 0 0 0 0 
10 29 55 66 88 96 0 0 0 0 0 0 0 0 0 
0 12 22 77 81 7057 0 0 0 0 0 0 0 0 0 
2 40 57 81 7041 0 0 0 0 0 0 0 0 0 0 
2 9 15 30 52 18099 0 0 0 0 0 0 0 0 0 
3 70 0 0 0 0 0 0 0 0 0 0 0 0 0 
4 18 28 38 63 78 0 0 0 0 0 0 0 0 0 
50 53 84 18011 0 0 0 0 0 0 0 0 0 0 0 
7 30 65 66 72 96 18011 0 0 0 0 0 0 0 0 
16060 16074 16088 0 0 0 0 0 0 0 0 0 0 0 0 
2 30 34 63 66 0 0 0 0 0 0 0 0 0 0 
16 45 58 0 0 0 0 0 0 0 0 0 0 0 0 
22 37 16029 16034 16081 0 0 0 0 0 0 0 0 0 0 
17 0 0 0 0 0 0 0 0 0 0 0 0 0 0 
1 20 24 26 91 18011 18099 0 0 0 0 0 0 0 0 
16005 16019 16050 16058 16081 0 0 0 0 0 0 0 0 0 0 
16067 0 0 0 0 0 0 0 0 0 0 0 0 0 0 
64 92 0 0 0 0 0 0 0 0 0 0 0 0 0 
10 26 38 0 0 0 0 0 0 0 0 0 0 0 0 
14 94 16005 16019 0 0 0 0 0 0 0 0 0 0 0 
42 81 7018 7024 7090 0 0 0 0 0 0 0 0 0 0 
28 41 78 86 16003 16029 16059 16082 0 0 0 0 0 0 0 
22 34 16005 0 0 0 0 0 0 0 0 0 0 0 0 
52 91 7041 18037 18047 0 0 0 0 0 0 0 0 0 0 
19 18037 0 0 0 0 0 0 0 0 0 0 0 0 0 
37 74 78 86 90 16059 0 0 0 0 0 0 0 0 0 
36 78 98 0 0 0 0 0 0 0 0 0 0 0 0 
16039 16064 16097 0 0 0 0 0 0 0 0 0 0 0 0 
0 0 0 0 0 0 0 0 0 0 0 0 0 0 0 
10 14 15 27 58 0 0 0 0 0 0 0 0 0 0 
77 16005 16010 16034 0 0 0 0 0 0 0 0 0 0 0 
50 94 0 0 0 0 0 0 0 0 0 0 0 0 0 
65 77 84 85 7008 7057 7095 0 0 0 0 0 0 0 0 
16020 16049 16084 0 0 0 0 0 0 0 0 0 0 0 0 
23 47 66 76 0 0 0 0 0 0 0 0 0 0 0 
9 58 67 75 0 0 0 0 0 0 0 0 0 0 0 
2 20 39 18048 0 0 0 0 0 0 0 0 0 0 0 
23 60 7071 18025 0 0 0 0 0 0 0 0 0 0 0 
16037 16048 16060 16074 16088 0 0 0 0 0 0 0 0 0 0 
6 8 10 17 61 0 0 0 0 0 0 0 0 0 0 
16029 16097 0 0 0 0 0 0 0 0 0 0 0 0 0 
13 19 98 0 0 0 0 0 0 0 0 0 0 0 0 
8 27 45 51 75 18019 18063 0 0 0 0 0 0 0 0 
3 99 16089 0 0 0 0 0 0 0 0 0 0 0 0 
1 7 53 18013 18017 18038 0 0 0 0 0 0 0 0 0 
55 18057 0 0 0 0 0 0 0 0 0 0 0 0 0 
6 7 72 18026 18028 0 0 0 0 0 0 0 0 0 0 
22 26 70 78 0 0 0 0 0 0 0 0 0 0 0 
33 16038 16080 0 0 0 0 0 0 0 0 0 0 0 0 
24 48 66 84 18011 0 0 0 0 0 0 0 0 0 0 
0 17 24 26 50 65 0 0 0 0 0 0 0 0 0 
51 18004 18084 0 0 0 0 0 0 0 0 0 0 0 0 
16038 0 0 0 0 0 0 0 0 0 0 0 0 0 0 
76 94 16010 0 0 0 0 0 0 0 0 0 0 0 0 
16 21 63 0 0 0 0 0 0 0 0 0 0 0 0 
3 86 16081 0 0 0 0 0 0 0 0 0 0 0 0 
24 62 96 18028 18057 0 0 0 0 0 0 0 0 0 0 
8 18009 18057 18084 0 0 0 0 0 0 0 0 0 0 0 
41 90 16016 7024 7040 0 0 0 0 0 0 0 0 0 0 
8 15 51 58 87 97 18063 18099 0 0 0 0 0 0 0 
0 50 69 82 84 0 0 0 0 0 0 0 0 0 0 
0 4 18 46 48 82 93 0 0 0 0 0 0 0 0 
22 37 41 42 63 81 90 0 0 0 0 0 0 0 0 
86 0 0 0 0 0 0 0 0 0 0 0 0 0 0 
16024 16056 16080 0 0 0 0 0 0 0 0 0 0 0 0 
2 18 19 36 78 7057 0 0 0 0 0 0 0 0 0 
76 77 93 16010 0 0 0 0 0 0 0 0 0 0 0 
7019 7095 0 0 0 0 0 0 0 0 0 0 0 0 0 
23 48 65 76 7071 18025 0 0 0 0 0 0 0 0 0 
48 91 7008 7071 18025 0 0 0 0 0 0 0 0 0 0 
37 41 71 79 16003 0 0 0 0 0 0 0 0 0 0 
1 75 18009 18048 18057 18065 18070 0 0 0 0 0 0 0 0 
17 0 0 0 0 0 0 0 0 0 0 0 0 0 0 
16016 7006 7023 0 0 0 0 0 0 0 0 0 0 0 0 
4 41 74 78 16016 16029 7052 7082 0 0 0 0 0 0 0 
12 30 39 85 18011 18038 0 0 0 0 0 0 0 0 0 
33 0 0 0 0 0 0 0 0 0 0 0 0 0 0 
77 82 16001 16040 7019 7037 0 0 0 0 0 0 0 0 0 
0 35 47 69 0 0 0 0 0 0 0 0 0 0 0 
16012 16093 0 0 0 0 0 0 0 0 0 0 0 0 0 
15 17 24 72 0 0 0 0 0 0 0 0 0 0 0 
9 13 75 18004 18009 18070 0 0 0 0 0 0 0 0 0 
2 9 42 57 0 0 0 0 0 0 0 0 0 0 0 
59 16003 16064 0 0 0 0 0 0 0 0 0 0 0 0 


29 52 56 71 0 0 0 0 0 0 0 0 0 0 0 
7 16 18 29 77 19049 0 0 0 0 0 0 0 0 0 
9 44 61 0 0 0 0 0 0 0 0 0 0 0 0 
23 67 80 82 83 0 0 0 0 0 0 0 0 0 0 
9 64 84 17067 17097 0 0 0 0 0 0 0 0 0 0 
22 45 73 75 83 92 19069 0 0 0 0 0 0 0 0 
35 94 8003 8027 8081 8099 19042 0 0 0 0 0 0 0 0 
1 41 56 62 74 98 0 0 0 0 0 0 0 0 0 
12 44 49 85 19091 0 0 0 0 0 0 0 0 0 0 
2 4 57 17073 17087 17097 0 0 0 0 0 0 0 0 0 
16 18 36 51 62 93 0 0 0 0 0 0 0 0 0 
17001 17023 17024 17030 17065 17091 0 0 0 0 0 0 0 0 0 
8 20 45 77 87 0 0 0 0 0 0 0 0 0 0 
23 80 17060 8036 0 0 0 0 0 0 0 0 0 0 0 
22 19023 19034 0 0 0 0 0 0 0 0 0 0 0 0 
39 46 52 54 68 97 19036 19039 0 0 0 0 0 0 0 
1 10 52 62 19049 0 0 0 0 0 0 0 0 0 0 
28 65 67 82 17001 17060 0 0 0 0 0 0 0 0 0 
1 10 44 49 51 77 0 0 0 0 0 0 0 0 0 
17008 17058 0 0 0 0 0 0 0 0 0 0 0 0 0 
12 85 0 0 0 0 0 0 0 0 0 0 0 0 0 
68 97 98 19086 0 0 0 0 0 0 0 0 0 0 0 
5 14 41 56 59 0 0 0 0 0 0 0 0 0 0 
3 13 28 58 87 0 0 0 0 0 0 0 0 0 0 
72 76 86 8027 8032 0 0 0 0 0 0 0 0 0 0 
17053 17084 17085 8009 8034 0 0 0 0 0 0 0 0 0 0 
40 58 17062 0 0 0 0 0 0 0 0 0 0 0 0 
29 32 85 95 19091 0 0 0 0 0 0 0 0 0 0 
17 23 17001 17007 17062 17072 0 0 0 0 0 0 0 0 0 
19049 1 27 49 75 0 0 0 0 0 0 0 0 0 0 
94 8099 19042 0 0 0 0 0 0 0 0 0 0 0 0 
41 81 83 96 8058 0 0 0 0 0 0 0 0 0 0 
27 75 19008 19037 0 0 0 0 0 0 0 0 0 0 0 
51 0 0 0 0 0 0 0 0 0 0 0 0 0 0 
35 42 48 61 67 70 72 86 0 0 0 0 0 0 0 
6 34 8061 8081 0 0 0 0 0 0 0 0 0 0 0 
10 51 62 68 69 93 0 0 0 0 0 0 0 0 0 
17039 17040 8060 0 0 0 0 0 0 0 0 0 0 0 0 
17001 17060 17091 0 0 0 0 0 0 0 0 0 0 0 0 
15 49 54 0 0 0 0 0 0 0 0 0 0 0 0 
26 58 85 0 0 0 0 0 0 0 0 0 0 0 0 
7 22 31 45 77 0 0 0 0 0 0 0 0 0 0 
34 48 8014 8061 8080 0 0 0 0 0 0 0 0 0 0 
52 98 19004 19019 19048 19066 0 0 0 0 0 0 0 0 0 
2 8 18 55 0 0 0 0 0 0 0 0 0 0 0 
5 12 41 75 87 19037 0 0 0 0 0 0 0 0 0 
15 52 19005 19050 0 0 0 0 0 0 0 0 0 0 0 
70 17039 8032 8080 0 0 0 0 0 0 0 0 0 0 0 
34 42 17001 17052 17087 0 0 0 0 0 0 0 0 0 0 
8 18 29 39 79 0 0 0 0 0 0 0 0 0 0 
78 89 19015 0 0 0 0 0 0 0 0 0 0 0 0 
10 18 33 36 61 64 0 0 0 0 0 0 0 0 0 
19005 15 16 43 46 79 19036 19049 0 0 0 0 0 0 0 
64 84 93 0 0 0 0 0 0 0 0 0 0 0 0 
15 39 93 0 0 0 0 0 0 0 0 0 0 0 0 
44 82 0 0 0 0 0 0 0 0 0 0 0 0 0 
19023 7 22 75 19049 0 0 0 0 0 0 0 0 0 0 
9 65 17061 17072 17073 17087 0 0 0 0 0 0 0 0 0 
23 26 40 87 0 0 0 0 0 0 0 0 0 0 0 
22 8033 8065 19057 19069 0 0 0 0 0 0 0 0 0 0 
8009 8020 8034 8036 8045 8063 0 0 0 0 0 0 0 0 0 
2 34 51 65 70 90 0 0 0 0 0 0 0 0 0 
7 10 16 36 66 90 0 0 0 0 0 0 0 0 0 
17058 17075 0 0 0 0 0 0 0 0 0 0 0 0 0 
4 51 53 76 0 0 0 0 0 0 0 0 0 0 0 
17 57 61 67 17001 17087 0 0 0 0 0 0 0 0 0 
62 69 78 19027 0 0 0 0 0 0 0 0 0 0 0 
3 17 34 65 82 91 0 0 0 0 0 0 0 0 0 
15 21 36 0 0 0 0 0 0 0 0 0 0 0 0 
36 66 72 76 0 0 0 0 0 0 0 0 0 0 0 
34 47 61 17013 17087 17097 0 0 0 0 0 0 0 0 0 
19001 92 19008 19019 19048 19049 0 0 0 0 0 0 0 0 0 
24 34 69 90 94 0 0 0 0 0 0 0 0 0 0 
5 96 0 0 0 0 0 0 0 0 0 0 0 0 0 
7 81 88 90 94 0 0 0 0 0 0 0 0 0 0 
5 29 32 45 56 92 19049 0 0 0 0 0 0 0 0 
24 64 69 0 0 0 0 0 0 0 0 0 0 0 0 
1 12 18 41 90 0 0 0 0 0 0 0 0 0 0 
50 66 0 0 0 0 0 0 0 0 0 0 0 0 0 
49 52 95 19049 19091 0 0 0 0 0 0 0 0 0 0 
3 13 8089 0 0 0 0 0 0 0 0 0 0 0 0 
31 74 88 8065 8081 19057 0 0 0 0 0 0 0 0 0 
3 17 55 67 87 0 0 0 0 0 0 0 0 0 0 
3 5 31 0 0 0 0 0 0 0 0 0 0 0 0 
4 53 17067 17073 0 0 0 0 0 0 0 0 0 0 0 
8 20 27 40 0 0 0 0 0 0 0 0 0 0 0 
24 34 8027 8044 8061 0 0 0 0 0 0 0 0 0 0 
12 23 45 58 82 0 0 0 0 0 0 0 0 0 0 
74 81 89 98 19023 19047 19057 0 0 0 0 0 0 0 0 
50 88 19047 19057 0 0 0 0 0 0 0 0 0 0 0 
61 62 72 74 77 0 0 0 0 0 0 0 0 0 0 
67 8020 8061 0 0 0 0 0 0 0 0 0 0 0 0 
5 71 75 19006 19008 19037 0 0 0 0 0 0 0 0 0 
10 36 53 54 0 0 0 0 0 0 0 0 0 0 0 
6 30 72 74 0 0 0 0 0 0 0 0 0 0 0 
27 79 19089 0 0 0 0 0 0 0 0 0 0 0 0 
31 73 8006 8033 8058 0 0 0 0 0 0 0 0 0 0 
15 21 19005 19072 19086 0 0 0 0 0 0 0 0 0 0 
7 21 43 88 19036 19047 0 0 0 0 0 0 0 0 0 
17001 17020 17030 17075 0 0 0 0 0 0 0 0 0 0 0 


51 56 78 94 0 0 0 0 0 0 0 0 0 0 0 
18071 0 0 0 0 0 0 0 0 0 0 0 0 0 0 
17 35 63 74 83 20067 0 0 0 0 0 0 0 0 0 
14 63 76 20038 20060 20098 0 0 0 0 0 0 0 0 0 
18043 0 0 0 0 0 0 0 0 0 0 0 0 0 0 
50 66 18046 18052 18097 0 0 0 0 0 0 0 0 0 0 
97 18092 0 0 0 0 0 0 0 0 0 0 0 0 0 
40 0 0 0 0 0 0 0 0 0 0 0 0 0 0 
99 18032 18071 18092 0 0 0 0 0 0 0 0 0 0 0 
71 76 20011 20067 0 0 0 0 0 0 0 0 0 0 0 
28 0 0 0 0 0 0 0 0 0 0 0 0 0 0 
56 98 9048 9066 0 0 0 0 0 0 0 0 0 0 0 
18 20 28 71 75 83 85 0 0 0 0 0 0 0 0 
95 0 0 0 0 0 0 0 0 0 0 0 0 0 0 
3 70 74 20048 20067 0 0 0 0 0 0 0 0 0 0 
31 80 86 98 18050 9096 0 0 0 0 0 0 0 0 0 
44 46 52 56 77 0 0 0 0 0 0 0 0 0 0 
2 22 44 67 72 0 0 0 0 0 0 0 0 0 0 
12 40 99 0 0 0 0 0 0 0 0 0 0 0 0 
23 84 18043 18071 9073 0 0 0 0 0 0 0 0 0 0 
12 25 32 70 83 96 0 0 0 0 0 0 0 0 0 
84 9073 0 0 0 0 0 0 0 0 0 0 0 0 0 
17 44 62 72 85 0 0 0 0 0 0 0 0 0 0 
19 34 18014 18056 18088 9073 9085 0 0 0 0 0 0 0 0 
9006 9013 9063 9075 0 0 0 0 0 0 0 0 0 0 0 
20 32 59 68 75 79 0 0 0 0 0 0 0 0 0 
59 79 20012 20057 0 0 0 0 0 0 0 0 0 0 0 
18066 0 0 0 0 0 0 0 0 0 0 0 0 0 0 
10 12 38 71 93 0 0 0 0 0 0 0 0 0 0 
43 51 78 20077 0 0 0 0 0 0 0 0 0 0 0 
54 96 20011 0 0 0 0 0 0 0 0 0 0 0 0 
15 58 62 72 80 86 98 0 0 0 0 0 0 0 0 
20 25 20007 20033 20038 20053 20067 20091 0 0 0 0 0 0 0 
40 60 0 0 0 0 0 0 0 0 0 0 0 0 0 
23 41 53 97 18014 9006 9073 0 0 0 0 0 0 0 0 
2 67 0 0 0 0 0 0 0 0 0 0 0 0 0 
18015 18052 18098 0 0 0 0 0 0 0 0 0 0 0 0 
18032 18045 18092 0 0 0 0 0 0 0 0 0 0 0 0 
28 54 71 0 0 0 0 0 0 0 0 0 0 0 0 
65 18015 0 0 0 0 0 0 0 0 0 0 0 0 0 
7 18 33 0 0 0 0 0 0 0 0 0 0 0 0 
34 45 9001 9088 0 0 0 0 0 0 0 0 0 0 0 
57 18006 18030 9023 0 0 0 0 0 0 0 0 0 0 0 
29 74 77 20028 20029 20044 0 0 0 0 0 0 0 0 0 
16 17 22 58 74 0 0 0 0 0 0 0 0 0 0 
41 60 64 99 0 0 0 0 0 0 0 0 0 0 0 
16 52 79 0 0 0 0 0 0 0 0 0 0 0 0 
80 18088 18089 18098 9073 0 0 0 0 0 0 0 0 0 0 
18043 18071 0 0 0 0 0 0 0 0 0 0 0 0 0 
18001 18016 18029 18052 18056 18071 18075 18079 0 0 0 0 0 0 0 
5 18046 0 0 0 0 0 0 0 0 0 0 0 0 0 
20010 29 77 9048 0 0 0 0 0 0 0 0 0 0 0 
16 46 20004 20042 20048 20085 0 0 0 0 0 0 0 0 0 
34 73 9078 9088 0 0 0 0 0 0 0 0 0 0 0 
30 38 75 81 96 0 0 0 0 0 0 0 0 0 0 
64 90 9050 20006 0 0 0 0 0 0 0 0 0 0 0 
0 11 16 58 77 82 87 9066 0 0 0 0 0 0 0 
42 18059 18081 18088 18089 9013 9023 9085 0 0 0 0 0 0 0 
31 44 56 0 0 0 0 0 0 0 0 0 0 0 0 
25 26 61 81 90 20003 20020 20039 20053 0 0 0 0 0 0 
33 45 75 84 99 0 0 0 0 0 0 0 0 0 0 
59 64 75 81 0 0 0 0 0 0 0 0 0 0 0 
22 31 80 87 95 0 0 0 0 0 0 0 0 0 0 
2 3 0 0 0 0 0 0 0 0 0 0 0 0 0 
45 55 61 73 9088 0 0 0 0 0 0 0 0 0 0 
39 0 0 0 0 0 0 0 0 0 0 0 0 0 0 
5 72 80 18043 0 0 0 0 0 0 0 0 0 0 0 
17 35 83 93 0 0 0 0 0 0 0 0 0 0 0 
25 78 20026 20039 20057 0 0 0 0 0 0 0 0 0 0 
18005 18059 0 0 0 0 0 0 0 0 0 0 0 0 0 
14 20 95 20030 0 0 0 0 0 0 0 0 0 0 0 
9 12 28 38 0 0 0 0 0 0 0 0 0 0 0 
17 22 31 66 18097 0 0 0 0 0 0 0 0 0 0 
53 64 79 87 94 9050 0 0 0 0 0 0 0 0 0 
2 14 43 44 20054 0 0 0 0 0 0 0 0 0 0 
12 25 54 60 61 79 20022 0 0 0 0 0 0 0 0 
3 9 93 0 0 0 0 0 0 0 0 0 0 0 0 
16 43 51 56 20004 0 0 0 0 0 0 0 0 0 0 
20004 29 68 20026 20042 0 0 0 0 0 0 0 0 0 0 
25 26 46 73 75 0 0 0 0 0 0 0 0 0 0 
15 31 47 62 66 82 9073 9096 0 0 0 0 0 0 0 
54 59 61 20003 20053 0 0 0 0 0 0 0 0 0 0 
56 80 98 9075 9078 0 0 0 0 0 0 0 0 0 0 
2 12 20 67 85 95 20067 0 0 0 0 0 0 0 0 
19 21 60 0 0 0 0 0 0 0 0 0 0 0 0 
12 22 83 0 0 0 0 0 0 0 0 0 0 0 0 
15 31 18021 18097 0 0 0 0 0 0 0 0 0 0 0 
56 62 73 95 0 0 0 0 0 0 0 0 0 0 0 
94 0 0 0 0 0 0 0 0 0 0 0 0 0 0 
18095 0 0 0 0 0 0 0 0 0 0 0 0 0 0 
55 59 20020 20095 0 0 0 0 0 0 0 0 0 0 0 
18008 18027 18079 0 0 0 0 0 0 0 0 0 0 0 0 
0 0 0 0 0 0 0 0 0 0 0 0 0 0 0 
28 67 76 0 0 0 0 0 0 0 0 0 0 0 0 
20010 73 88 9050 0 0 0 0 0 0 0 0 0 0 0 
13 62 70 83 87 0 0 0 0 0 0 0 0 0 0 
20 30 54 20033 20053 20055 0 0 0 0 0 0 0 0 0 
6 34 9012 0 0 0 0 0 0 0 0 0 0 0 0 
11 15 31 82 9010 0 0 0 0 0 0 0 0 0 0 
8 18 45 60 0 0 0 0 0 0 0 0 0 0 0 


49 0 0 0 0 0 0 0 0 0 0 0 0 0 0 
17 80 0 0 0 0 0 0 0 0 0 0 0 0 0 
10059 10064 0 0 0 0 0 0 0 0 0 0 0 0 0 
19059 19081 0 0 0 0 0 0 0 0 0 0 0 0 0 
19052 19077 19078 0 0 0 0 0 0 0 0 0 0 0 0 
89 0 0 0 0 0 0 0 0 0 0 0 0 0 0 
19055 0 0 0 0 0 0 0 0 0 0 0 0 0 0 
89 91 19032 0 0 0 0 0 0 0 0 0 0 0 0 
10020 0 0 0 0 0 0 0 0 0 0 0 0 0 0 
0 0 0 0 0 0 0 0 0 0 0 0 0 0 0 
19051 19094 10099 0 0 0 0 0 0 0 0 0 0 0 0 
38 45 19009 19030 0 0 0 0 0 0 0 0 0 0 0 
19026 0 0 0 0 0 0 0 0 0 0 0 0 0 0 
80 92 0 0 0 0 0 0 0 0 0 0 0 0 0 
80 0 0 0 0 0 0 0 0 0 0 0 0 0 0 
10024 0 0 0 0 0 0 0 0 0 0 0 0 0 0 
0 0 0 0 0 0 0 0 0 0 0 0 0 0 0 
1 0 0 0 0 0 0 0 0 0 0 0 0 0 0 
0 0 0 0 0 0 0 0 0 0 0 0 0 0 0 
10007 10020 10089 0 0 0 0 0 0 0 0 0 0 0 0 
19059 19090 10059 0 0 0 0 0 0 0 0 0 0 0 0 
90 0 0 0 0 0 0 0 0 0 0 0 0 0 0 
19075 0 0 0 0 0 0 0 0 0 0 0 0 0 0 
0 0 0 0 0 0 0 0 0 0 0 0 0 0 0 
80 83 0 0 0 0 0 0 0 0 0 0 0 0 0 
10038 0 0 0 0 0 0 0 0 0 0 0 0 0 0 
19068 19078 10062 0 0 0 0 0 0 0 0 0 0 0 0 
0 0 0 0 0 0 0 0 0 0 0 0 0 0 0 
19043 10021 0 0 0 0 0 0 0 0 0 0 0 0 0 
19043 0 0 0 0 0 0 0 0 0 0 0 0 0 0 
19070 0 0 0 0 0 0 0 0 0 0 0 0 0 0 
47 71 0 0 0 0 0 0 0 0 0 0 0 0 0 
0 0 0 0 0 0 0 0 0 0 0 0 0 0 0 
38 19032 19096 0 0 0 0 0 0 0 0 0 0 0 0 
0 0 0 0 0 0 0 0 0 0 0 0 0 0 0 
0 0 0 0 0 0 0 0 0 0 0 0 0 0 0 
62 10020 10021 10024 10038 10074 10084 0 0 0 0 0 0 0 0 
48 0 0 0 0 0 0 0 0 0 0 0 0 0 0 
11 33 19003 19032 0 0 0 0 0 0 0 0 0 0 0 
19059 19068 0 0 0 0 0 0 0 0 0 0 0 0 0 
0 0 0 0 0 0 0 0 0 0 0 0 0 0 0 
0 0 0 0 0 0 0 0 0 0 0 0 0 0 0 
19052 19078 0 0 0 0 0 0 0 0 0 0 0 0 0 
0 0 0 0 0 0 0 0 0 0 0 0 0 0 0 
19043 0 0 0 0 0 0 0 0 0 0 0 0 0 0 
11 0 0 0 0 0 0 0 0 0 0 0 0 0 0 
0 0 0 0 0 0 0 0 0 0 0 0 0 0 0 
31 10020 0 0 0 0 0 0 0 0 0 0 0 0 0 
37 19014 19052 0 0 0 0 0 0 0 0 0 0 0 0 
0 0 0 0 0 0 0 0 0 0 0 0 0 0 0 
10018 0 0 0 0 0 0 0 0 0 0 0 0 0 0 
0 0 0 0 0 0 0 0 0 0 0 0 0 0 0 
85 0 0 0 0 0 0 0 0 0 0 0 0 0 0 
55 19032 19059 19081 19096 0 0 0 0 0 0 0 0 0 0 
19074 0 0 0 0 0 0 0 0 0 0 0 0 0 0 
53 19096 0 0 0 0 0 0 0 0 0 0 0 0 0 
0 0 0 0 0 0 0 0 0 0 0 0 0 0 0 
19026 19068 10099 0 0 0 0 0 0 0 0 0 0 0 0 
0 0 0 0 0 0 0 0 0 0 0 0 0 0 0 
63 72 10018 10051 0 0 0 0 0 0 0 0 0 0 0 
19003 0 0 0 0 0 0 0 0 0 0 0 0 0 0 
0 0 0 0 0 0 0 0 0 0 0 0 0 0 0 
36 64 10020 0 0 0 0 0 0 0 0 0 0 0 0 
59 0 0 0 0 0 0 0 0 0 0 0 0 0 0 
62 88 0 0 0 0 0 0 0 0 0 0 0 0 0 
71 0 0 0 0 0 0 0 0 0 0 0 0 0 0 
0 0 0 0 0 0 0 0 0 0 0 0 0 0 0 
19002 19009 19014 19032 19083 0 0 0 0 0 0 0 0 0 0 
0 0 0 0 0 0 0 0 0 0 0 0 0 0 0 
0 0 0 0 0 0 0 0 0 0 0 0 0 0 0 
0 0 0 0 0 0 0 0 0 0 0 0 0 0 0 
31 65 0 0 0 0 0 0 0 0 0 0 0 0 0 
59 0 0 0 0 0 0 0 0 0 0 0 0 0 0 
10021 10024 0 0 0 0 0 0 0 0 0 0 0 0 0 
0 0 0 0 0 0 0 0 0 0 0 0 0 0 0 
85 0 0 0 0 0 0 0 0 0 0 0 0 0 0 
10044 10099 0 0 0 0 0 0 0 0 0 0 0 0 0 
19029 10021 10044 10084 0 0 0 0 0 0 0 0 0 0 0 
0 0 0 0 0 0 0 0 0 0 0 0 0 0 0 
0 0 0 0 0 0 0 0 0 0 0 0 0 0 0 
1 13 14 24 0 0 0 0 0 0 0 0 0 0 0 
10084 0 0 0 0 0 0 0 0 0 0 0 0 0 0 
0 0 0 0 0 0 0 0 0 0 0 0 0 0 0 
24 0 0 0 0 0 0 0 0 0 0 0 0 0 0 
0 0 0 0 0 0 0 0 0 0 0 0 0 0 0 
52 75 19052 0 0 0 0 0 0 0 0 0 0 0 0 
0 0 0 0 0 0 0 0 0 0 0 0 0 0 0 
0 0 0 0 0 0 0 0 0 0 0 0 0 0 0 
64 0 0 0 0 0 0 0 0 0 0 0 0 0 0 
5 7 0 0 0 0 0 0 0 0 0 0 0 0 0 
21 10020 10051 0 0 0 0 0 0 0 0 0 0 0 0 
7 19032 0 0 0 0 0 0 0 0 0 0 0 0 0 
13 0 0 0 0 0 0 0 0 0 0 0 0 0 0 
95 10009 10076 0 0 0 0 0 0 0 0 0 0 0 0 
0 0 0 0 0 0 0 0 0 0 0 0 0 0 0 
93 19090 0 0 0 0 0 0 0 0 0 0 0 0 0 
0 0 0 0 0 0 0 0 0 0 0 0 0 0 0 
0 0 0 0 0 0 0 0 0 0 0 0 0 0 0 
19003 0 0 0 0 0 0 0 0 0 0 0 0 0 0 
10009 0 0 0 0 0 0 0 0 0 0 0 0 0 0 


