10 10 10 10 10 10 10 10 10 10 10 10 10 10 10 10 10 10 10 10 10 10 10 10 10 10 10 10 10 10 10 10 10 10 10 10 10 10 10 10 10 10 10 10 10 10 10 10 10 10 10 10 10 10 10 10 10 10 10 10 10 10 10 10 10 10 10 10 10 10 10 10 10 10 10 10 10 10 10 10 10 10 10 10 10 10 10 10 10 10 10 10 10 10 10 10 10 10 10 10 
10 10 10 10 10 10 10 10 10 10 10 10 10 10 10 10 10 10 10 10 10 10 10 10 10 10 10 10 10 10 10 10 10 10 10 10 10 10 10 10 10 10 10 10 10 10 10 10 10 10 10 10 10 10 10 10 10 10 10 10 10 10 10 10 10 10 10 10 10 10 10 10 10 10 10 10 10 10 10 10 10 10 10 10 10 10 10 10 10 10 10 10 10 10 10 10 10 10 10 10 
10 10 10 10 10 10 10 10 10 10 10 10 10 10 10 10 10 10 10 10 10 10 10 10 10 10 10 10 10 10 10 10 10 10 10 10 10 10 10 10 10 10 10 10 10 10 10 10 10 10 10 10 10 10 10 10 10 10 10 10 10 10 10 10 10 10 10 10 10 10 10 10 10 10 10 10 10 10 10 10 10 10 10 10 10 10 10 10 10 10 10 10 10 10 10 10 10 10 10 10 
10 10 10 10 10 10 10 10 10 10 10 10 10 10 10 10 10 10 10 10 10 10 10 10 10 10 10 10 10 10 10 10 10 10 10 10 10 10 10 10 10 10 10 10 10 10 10 10 10 10 10 10 10 10 10 10 10 10 10 10 10 10 10 10 10 10 10 10 10 10 10 10 10 10 10 10 10 10 10 10 10 10 10 10 10 10 10 10 10 10 10 10 10 10 10 10 10 10 10 10 
10 10 10 10 10 10 10 10 10 10 10 10 10 10 10 10 10 10 10 10 10 10 10 10 10 10 10 10 10 10 10 10 10 10 10 10 10 10 10 10 10 10 10 10 10 10 10 10 10 10 10 10 10 10 10 10 10 10 10 10 10 10 10 10 10 10 10 10 10 10 10 10 10 10 10 10 10 10 10 10 10 10 10 10 10 10 10 10 10 10 10 10 10 10 10 10 10 10 10 10 
10 10 10 10 10 10 10 10 10 10 10 10 10 10 10 10 10 10 10 10 10 10 10 10 10 10 10 10 10 10 10 10 10 10 10 10 10 10 10 10 10 10 10 10 10 10 10 10 10 10 10 10 10 10 10 10 10 10 10 10 10 10 10 10 10 10 10 10 10 10 10 10 10 10 10 10 10 10 10 10 10 10 10 10 10 10 10 10 10 10 10 10 10 10 10 10 10 10 10 10 
10 10 10 10 10 10 10 10 10 10 10 10 10 10 10 10 10 10 10 10 10 10 10 10 10 10 10 10 10 10 10 10 10 10 10 10 10 10 10 10 10 10 10 10 10 10 10 10 10 10 10 10 10 10 10 10 10 10 10 10 10 10 10 10 10 10 10 10 10 10 10 10 10 10 10 10 10 10 10 10 10 10 10 10 10 10 10 10 10 10 10 10 10 10 10 10 10 10 10 10 
10 10 10 10 10 10 10 10 10 10 10 10 10 10 10 10 10 10 10 10 10 10 10 10 10 10 10 10 10 10 10 10 10 10 10 10 10 10 10 10 10 10 10 10 10 10 10 10 10 10 10 10 10 10 10 10 10 10 10 10 10 10 10 10 10 10 10 10 10 10 10 10 10 10 10 10 10 10 10 10 10 10 10 10 10 10 10 10 10 10 10 10 10 10 10 10 10 10 10 10 
10 10 10 10 10 10 10 10 10 10 10 10 10 10 10 10 10 10 10 10 10 10 10 10 10 10 10 10 10 10 10 10 10 10 10 10 10 10 10 10 10 10 10 10 10 10 10 10 10 10 10 10 10 10 10 10 10 10 10 10 10 10 10 10 10 10 10 10 10 10 10 10 10 10 10 10 10 10 10 10 10 10 10 10 10 10 10 10 10 10 10 10 10 10 10 10 10 10 10 10 
10 10 10 10 10 10 10 10 10 10 10 10 10 10 10 10 10 10 10 10 10 10 10 10 10 10 10 10 10 10 10 10 10 10 10 10 10 10 10 10 10 10 10 10 10 10 10 10 10 10 10 10 10 10 10 10 10 10 10 10 10 10 10 10 10 10 10 10 10 10 10 10 10 10 10 10 10 10 10 10 10 10 10 10 10 10 10 10 10 10 10 10 10 10 10 10 10 10 10 10 
10 10 10 10 10 10 10 10 10 10 10 10 10 10 10 10 10 10 10 10 10 10 10 10 10 10 10 10 10 10 10 10 10 10 10 10 10 10 10 10 10 10 10 10 10 10 10 10 10 10 10 10 10 10 10 10 10 10 10 10 10 10 10 10 10 10 10 10 10 10 10 10 10 10 10 10 10 10 10 10 10 10 10 10 10 10 10 10 10 10 10 10 10 10 10 10 10 10 10 10 
10 10 10 10 10 10 10 10 10 10 10 10 10 10 10 10 10 10 10 10 10 10 10 10 10 10 10 10 10 10 10 10 10 10 10 10 10 10 10 10 10 10 10 10 10 10 10 10 10 10 10 10 10 10 10 10 10 10 10 10 10 10 10 10 10 10 10 10 10 10 10 10 10 10 10 10 10 10 10 10 10 10 10 10 10 10 10 10 10 10 10 10 10 10 10 10 10 10 10 10 
10 10 10 10 10 10 10 10 10 10 10 10 10 10 10 10 10 10 10 10 10 10 10 10 10 10 10 10 10 10 10 10 10 10 10 10 10 10 10 10 10 10 10 10 10 10 10 10 10 10 10 10 10 10 10 10 10 10 10 10 10 10 10 10 10 10 10 10 10 10 10 10 10 10 10 10 10 10 10 10 10 10 10 10 10 10 10 10 10 10 10 10 10 10 10 10 10 10 10 10 
10 10 10 10 10 10 10 10 10 10 10 10 10 10 10 10 10 10 10 10 10 10 10 10 10 10 10 10 10 10 10 10 10 10 10 10 10 10 10 10 10 10 10 10 10 10 10 10 10 10 10 10 10 10 10 10 10 10 10 10 10 10 10 10 10 10 10 10 10 10 10 10 10 10 10 10 10 10 10 10 10 10 10 10 10 10 10 10 10 10 10 10 10 10 10 10 10 10 10 10 
10 10 10 10 10 10 10 10 10 10 10 10 10 10 10 10 10 10 10 10 10 10 10 10 10 10 10 10 10 10 10 10 10 10 10 10 10 10 10 10 10 10 10 10 10 10 10 10 10 10 10 10 10 10 10 10 10 10 10 10 10 10 10 10 10 10 10 10 10 10 10 10 10 10 10 10 10 10 10 10 10 10 10 10 10 10 10 10 10 10 10 10 10 10 10 10 10 10 10 10 
10 10 10 10 10 10 10 10 10 10 10 10 10 10 10 10 10 10 10 10 10 10 10 10 10 10 10 10 10 10 10 10 10 10 10 10 10 10 10 10 10 10 10 10 10 10 10 10 10 10 10 10 10 10 10 10 10 10 10 10 10 10 10 10 10 10 10 10 10 10 10 10 10 10 10 10 10 10 10 10 10 10 10 10 10 10 10 10 10 10 10 10 10 10 10 10 10 10 10 10 
10 10 10 10 10 10 10 10 10 10 10 10 10 10 10 10 10 10 10 10 10 10 10 10 10 10 10 10 10 10 10 10 10 10 10 10 10 10 10 10 10 10 10 10 10 10 10 10 10 10 10 10 10 10 10 10 10 10 10 10 10 10 10 10 10 10 10 10 10 10 10 10 10 10 10 10 10 10 10 10 10 10 10 10 10 10 10 10 10 10 10 10 10 10 10 10 10 10 10 10 
10 10 10 10 10 10 10 10 10 10 10 10 10 10 10 10 10 10 10 10 10 10 10 10 10 10 10 10 10 10 10 10 10 10 10 10 10 10 10 10 10 10 10 10 10 10 10 10 10 10 10 10 10 10 10 10 10 10 10 10 10 10 10 10 10 10 10 10 10 10 10 10 10 10 10 10 10 10 10 10 10 10 10 10 10 10 10 10 10 10 10 10 10 10 10 10 10 10 10 10 
10 10 10 10 10 10 10 10 10 10 10 10 10 10 10 10 10 10 10 10 10 10 10 10 10 10 10 10 10 10 10 10 10 10 10 10 10 10 10 10 10 10 10 10 10 10 10 10 10 10 10 10 10 10 10 10 10 10 10 10 10 10 10 10 10 10 10 10 10 10 10 10 10 10 10 10 10 10 10 10 10 10 10 10 10 10 10 10 10 10 10 10 10 10 10 10 10 10 10 10 
10 10 10 10 10 10 10 10 10 10 10 10 10 10 10 10 10 10 10 10 10 10 10 10 10 10 10 10 10 10 10 10 10 10 10 10 10 10 10 10 10 10 10 10 10 10 10 10 10 10 10 10 10 10 10 10 10 10 10 10 10 10 10 10 10 10 10 10 10 10 10 10 10 10 10 10 10 10 10 10 10 10 10 10 10 10 10 10 10 10 10 10 10 10 10 10 10 10 10 10 
10 10 10 10 10 10 10 10 10 10 10 10 10 10 10 10 10 10 10 10 10 10 10 10 10 10 10 10 10 10 10 10 10 10 10 10 10 10 10 10 10 10 10 10 10 10 10 10 10 10 10 10 10 10 10 10 10 10 10 10 10 10 10 10 10 10 10 10 10 10 10 10 10 10 10 10 10 10 10 10 10 10 10 10 10 10 10 10 10 10 10 10 10 10 10 10 10 10 10 10 
10 10 10 10 10 10 10 10 10 10 10 10 10 10 10 10 10 10 10 10 10 10 10 10 10 10 10 10 10 10 10 10 10 10 10 10 10 10 10 10 10 10 10 10 10 10 10 10 10 10 10 10 10 10 10 10 10 10 10 10 10 10 10 10 10 10 10 10 10 10 10 10 10 10 10 10 10 10 10 10 10 10 10 10 10 10 10 10 10 10 10 10 10 10 10 10 10 10 10 10 
10 10 10 10 10 10 10 10 10 10 10 10 10 10 10 10 10 10 10 10 10 10 10 10 10 10 10 10 10 10 10 10 10 10 10 10 10 10 10 10 10 10 10 10 10 10 10 10 10 10 10 10 10 10 10 10 10 10 10 10 10 10 10 10 10 10 10 10 10 10 10 10 10 10 10 10 10 10 10 10 10 10 10 10 10 10 10 10 10 10 10 10 10 10 10 10 10 10 10 10 
10 10 10 10 10 10 10 10 10 10 10 10 10 10 10 10 10 10 10 10 10 10 10 10 10 10 10 10 10 10 10 10 10 10 10 10 10 10 10 10 10 10 10 10 10 10 10 10 10 10 10 10 10 10 10 10 10 10 10 10 10 10 10 10 10 10 10 10 10 10 10 10 10 10 10 10 10 10 10 10 10 10 10 10 10 10 10 10 10 10 10 10 10 10 10 10 10 10 10 10 
1295.81 1459.21 1294.19 1546.8 1607.87 1358.93 1352.57 1583.73 1653.11 1277.78 1425.7 1268.94 1212.58 1350.69 1635.07 1700 1276.44 1516.41 3200 1700 1202.7 1252.55 1689.59 1510.36 1601.26 1425.4 1451.5 1280.22 1330.56 70.1425 1602.02 1572.21 1395.87 241.977 1413.13 1511.74 1532.32 1465.61 1661.66 1625.12 1347.92 1550.05 1693.33 1289 1591.36 1566.09 211.403 1524 1487.68 1216.16 207.062 23.369 1378.54 1464.56 1260.66 1547.18 1247.32 1261.25 1510.59 1330.94 1553.69 1370.97 1700 1555.18 1589.84 1481.52 14.9145 1473.97 1221.48 1190.01 1509.08 1380.89 1399.96 1532.71 1443.96 1671.68 1522.1 1452.42 1700 1699.62 578.781 22.717 1693.62 1133.39 1540.05 4530.43 1438.05 1384.33 308.83 1385.57 1563.27 1208.64 1249.55 1680.7 5914.9 1388.56 1021.16 1317.73 427.437 1333.83 
1620.12 1399.73 1421.23 621.38 1404.6 1216.11 1671.33 1382.27 1603.22 1634.81 1568.99 11.8676 1662.44 1700 1503.09 1630.84 25.4239 130.913 10.0573 1700 1513.12 697.392 1286.65 1641.96 1700 1612.4 1450.42 1474.46 238.32 1507.2 1459.12 1351.8 1521 1461.85 1584.51 1686.2 1647.01 1355.12 1252.17 1249.17 1387.1 1700 1109.2 1233.63 1506.23 1327.42 1618.25 1504.71 1429.68 1700 1657.87 1524.34 1333.75 1657.77 1442.09 1472.78 1700 1700 1419.78 3200 1366.53 1569.27 1424.68 1432.83 21.4695 1436.71 15.6023 1239.22 1606.23 1466.18 1484.09 1639.66 1700 19.3795 215.495 1471.92 1700 1563.23 1397.92 1593.99 10.0586 1317.94 1270.27 1700 1662.92 706.3 1311.32 1590.89 1225.36 1502.45 14.7772 1635.9 1700 1377.73 1611.98 1419.39 1286.46 1532.57 1608.83 1520.7 
1292.01 1538.7 1700 1463 1258.26 1479.02 1474.29 1339.8 1345.21 1286.36 1549.21 1273.74 242.096 1445.54 3200 1306.83 1635.16 10.1417 554.893 1621.73 1335.48 3200 1583.34 1257.89 1700 1216.06 10.2201 1696.07 1323.21 1700 1700 1700 1505.91 1569.6 13.4563 1700 1516.33 1555.58 1326.2 24.0507 64.1299 1324.07 1355.2 380.1 1700 1628.62 257.826 1700 462.502 200.428 1390.21 1610.53 1344.12 1628.45 10.6886 1346.02 1686.17 1549.43 1450.85 13.8725 1700 1700 1430.14 1577.6 35.937 1222.42 43.5048 818.932 168.323 1310.91 1276.53 1355.45 1452.97 1581.65 1316.03 759.711 1355.21 1562.14 241.489 1539.64 663.953 1424.94 1528.7 1237.75 10.79 1700 1352.62 10.1056 1451.21 1579.6 1247.25 1634 1395.17 4927.13 1252.22 1700 1389.44 1685.84 372.97 1678.23 
592.881 1531.15 1448.41 1700 1564.97 1677.43 1548.94 733.907 3200 1599.21 1603.36 1670.48 1611.19 1216.92 1451.53 1284.86 1638.47 1465.41 60.0275 1558.26 1618.09 1520.35 1649.44 1520.56 31.4567 1244.46 12.3299 1700 1700 26.3345 1700 1401.4 1661.09 59.6722 1610.13 1532.38 1248.73 737.444 30.8832 1398.5 1052.61 1354.95 1700 1231.12 10.2151 10.3255 1612.69 670.648 1700 1700 10.045 1453.23 1700 1689.7 1693.01 1697.98 381.962 67.8562 1327.98 1299.95 1700 1455.34 1589.22 1695.39 1700 1370.29 1700 1687.21 982.268 1468.21 1558.5 1288.07 1584.81 1486.29 1659.6 1653.75 1533.42 1693.5 1503.21 1594.21 1349.82 1337.75 1485.7 1532.83 1273.44 1608.46 1376.23 1554.09 1465.65 1334.63 1572.69 1253.25 1587.78 1413.81 1356.76 1326.43 1336.41 1517.36 897.661 1543.24 
1405.38 1502.62 1700 1441.96 1291.83 1355.07 1297.43 650.933 1700 1415.77 1531.64 124.187 1663.26 1232.13 1578.3 1292.94 1485.46 1239.59 1615.41 3200 74.2238 1282.59 66.491 10.0666 1244.28 1306.39 1594.02 1409.07 1700 1604.1 1219.91 20.6875 1455.91 1392.17 1265.07 1582.22 1609.62 1447.82 1237.39 1356.38 1700 1340.2 14.4111 1700 1656.39 1148.95 1479.78 1275.12 1580.13 10.0578 1415.7 1509.73 1302.98 1572.23 1409.23 387.362 1232.06 1629.47 1388.54 1291.85 236.545 1438.03 1673.67 1258.77 1656.87 1246.65 1685.18 12.6943 1622.44 1700 1474.4 1625.04 3200 1535.39 1289.87 1224.43 106.596 1366.43 1700 1465.6 10.9448 1360.97 1327.45 1299.53 6280.33 1288.74 1700 1537.27 1610.63 1700 1630.13 1218.11 1675.88 1700 845.868 3200 956.236 1364.33 1576.81 184.124 
1219 1433.18 10.7881 1310.3 1584.18 14.4582 1603.58 1324.63 1611.99 1511.27 1656.59 1700 69.0315 1256.64 11.7013 1627.93 1700 1323.83 1556.27 1485.59 1417.16 1459.6 1687.28 1586.81 516.431 446.628 12.0571 1420.17 112.562 1298.16 19.0703 1454.92 1700 1547.74 1421.41 1478.07 1608.95 1478.65 1243.77 196.063 42.126 3200 10.1421 1552.92 1441 1575.48 534.514 1605.31 56.5317 548.838 1627.13 1394.39 3200 1233.83 1209.67 1614.85 1404.2 1277.49 1491.09 1648.71 1700 21.1714 1591.85 1371.27 1221.33 10.0363 1657.23 1555 1522.74 1520.74 70.1815 29.145 1668.49 1655.88 1698.87 10.5776 1449.24 1311.99 1351.09 1660.13 1527.19 1343.83 1270.04 183.877 1637.86 1505.31 1286.67 1557.35 1426.14 1525.13 1681.49 1700 11.7138 10.6836 1559.97 490.424 1700 8633.65 1679.46 11.7541 
1599.73 1301.69 1438.61 1671.86 1498.45 1505.56 1332.18 1364.29 1582.25 23.2029 1694.2 1317.17 742.283 905.297 1265.01 1700 62.9785 1367.72 10.3394 3200 288.753 63.9554 1652.53 1493.16 1380.56 1534.53 1482.31 1700 1580.31 829.781 1332.59 1700 1584.24 1632.07 1353.71 71.0626 1459.6 1661.51 1412.91 5128.57 1450.33 1567.23 1599.45 1384.98 1477.06 1380.79 1695.82 1561.08 1303.63 1370.45 1349.43 15.3497 878.864 1699.72 1646.06 1403.15 1355.31 14.5542 1238.9 1700 178.37 219.11 12.0437 1674.94 1629.74 1536.33 1396.02 1392.04 1550.59 1349.54 1475.43 1404.52 1602.38 3200 1480.85 1570.55 913.161 82.2456 620.96 1200.57 1273.81 77.9794 10.7828 1264.4 1598.06 1292.89 1238.06 1700 1700 1486.47 1548.01 1276.18 1700 1389.29 381.799 21.2259 1562.54 692.489 11.27 1507.73 
127.496 1298.72 16.926 1472.96 1558.1 1625.06 1506.15 16.8261 32.9947 1396.86 1353.36 1700 1501.92 207.033 1339.83 1528.44 1453.08 1653.28 1326.32 12.7129 525.037 1658.79 1414.01 1536.56 23.5413 1398.04 10.2639 10.5869 10.0475 10.0673 1401.14 1301.03 1398.78 10.1109 1337.68 10.0579 1490 1700 1700 1508.28 3200 1209.22 1403.37 1615.55 27.2462 15.9613 1700 899.549 1664.29 11.7969 1226.11 511.899 1650.19 840.094 13.9002 1621.72 689.636 1237.76 1583.01 1672.01 319.655 1533.68 513.341 1563.39 202.075 596.276 15.4431 1607.13 1700 1700 1230.31 1700 50.9642 1700 1697.16 1600.67 1676.12 1214.56 1472.48 1671.25 1407.61 1564.28 530.721 4960.49 127.446 224.193 1478.4 1700 14.598 1700 1332.06 1434.55 107.746 1392.75 1395.88 1504.92 1544.96 1700 1323.91 1700 
10.011 363.679 10 50.7119 1380.02 10.1132 1566.14 10 10.3091 10.0041 1555.11 17.0176 299.946 11.5223 24.179 10 10.25 30.4996 24.3592 17.6225 819.005 26.9448 10.0736 10 10.0163 1164.12 10 1474.96 362.531 1560.12 10.0576 1700 10.0033 1486.39 10.0001 19.0494 10.0048 75.4395 10.2229 10.3771 10 10.0329 491.061 10.0003 10.0001 10.001 10.0001 46.0891 10.0002 10.0018 1546.14 51.6884 10 160.554 23.0011 15.3558 1288.35 24.713 13.2382 10.9432 1353.49 28.4357 10 10.2342 10 153.363 13.6552 10.0264 10 10.0006 124.733 1496.81 10.1919 10.0001 10 52.3024 212.849 10.8202 12.103 571.56 253.547 10.0004 10.0001 10.0902 10 10.0815 11.3121 1641.91 1004.08 10.0001 1012.39 1597.44 10.0004 10.0001 1700 10.4785 10.1267 141.402 10 1483.1 
42.3964 32.4383 1605.75 10.0102 10.0516 10.4283 3200 1583.6 10.0001 10.0051 10.1192 1267.74 10 1617.99 1282.43 10.0002 10.0122 12.1924 55.6179 1665.93 10 914.451 10.0182 552.092 10.3291 1560.46 208.614 372.047 10 10.0204 160.042 389.064 46.5501 10 10 10.982 10.0002 33.4299 10.0028 134.012 60.9421 1311.58 10.0009 10 10.222 784.578 10.1587 10.0009 1254.52 31.0012 97.8126 1523.24 10 13.0565 10 10.0003 10 10 1543.26 56.8782 11.4806 10.0739 1549.01 10.0426 10.0021 884.207 1380.25 10.0065 191.764 1521.56 10.0173 10.001 10 1700 75.5441 15.351 10.2139 20.9752 13.9735 24.6337 365.417 1159.2 248.475 11.3464 1700 10 10.9538 12.3021 16.9332 10.0006 1700 10 10.0005 10 10.0158 1379.96 10.0002 10 11.3684 10 
17.8944 10.6704 12.4045 1036.83 10.0093 13.0052 10.4791 10 1362.43 10.0037 10 1549.52 1700 10.0026 10.0249 22.8961 489.947 10.0634 10.0001 366.062 10.0004 1636.14 11.0649 495.657 87.3892 1453.04 10.0007 10 1282.69 10 1243.45 10.02 10.0064 10.1987 1415.69 94.2899 10.2284 11.5889 10 1213.24 71.4594 10.0001 1699.95 10.1449 10.0007 16.3154 226.529 1554.73 24.2162 1625.5 1566.11 53.026 25.2107 10.013 10.0179 65.1519 10.0002 1367.36 480.441 15.896 1455.3 61.4016 10 12.2775 10 472.275 10 68.9456 223.666 10.2333 40.0795 10 1393.14 1581.21 63.9914 245.73 10.0003 10.0001 204.415 13.2563 10 1400.82 10.2681 10.0485 10 13.6634 10.0006 22.4995 47.1102 10.042 10.0082 10 21.4613 491.717 10 446.674 10.9262 69.3001 10.5978 10.0001 
10.0075 10.0001 383.772 10 10.2852 1565.5 10.0001 35.3319 15.0496 15.3791 10 179.122 10.0002 18.6791 10.1382 10 10 252.758 10.0021 16.7517 10 10.2033 824.325 10.0474 13.0478 1450.04 52.0023 11.03 267.487 10.0005 576.214 46.3879 70.6617 15.864 1118.67 11.1587 1440.81 10.1447 10.0815 10 45.4884 1551.79 10.0645 1581.19 10.8257 48.1871 10.3112 10.0001 1442.55 10.0008 10.0233 1483.93 12.8523 1446 1337.59 235.177 110.107 17.3924 467.145 10.0086 1253.29 10.0365 10 1136.5 10.001 1335.03 10 457.733 37.0281 10.0009 10.0014 10.2767 1261.45 10 1700 10.0904 1305.7 224.386 1633.27 10.0008 10 10 1320.52 10.0055 12.3991 29.2249 10.002 10 1224.82 10 10 1364.29 19.3651 1405.98 112.008 1508.78 11.8512 1380.19 10.0176 10.1751 
65.6452 557.029 10.0157 10.1351 10.0493 10.0119 10.0001 11.9621 10 10.0385 10 11.4219 20.7354 413.244 136.402 1359.77 53.0388 10.0216 10 10 10.0003 486.065 949.288 1659.66 10.0141 41.445 10.9161 15.4194 243.988 10.0024 10 86.2641 76.7804 142.372 940.751 1687.5 1700 10.0024 10 469.22 10.0061 10 1293.61 10.2636 11.2776 10 10 11.2101 10.0001 14.0523 164.532 10.0067 10 10 1124.88 170.942 10.2434 13.5065 1521.8 227.888 358.186 10.0042 25.7795 1607.2 1463.88 10 480.477 1647.11 10.0153 10.0305 13.0226 10.0018 10.0003 1238.47 1364 34.5556 54.351 10.4041 578.97 10.1313 15.8696 10.8549 599.076 19.0689 10 10 10.0001 10 10.8594 106.459 1336.13 10.2935 57.6505 1700 10.0001 10 10.0001 1700 10.0111 10.0166 
10.0005 10.0731 50.8677 10.0008 16.368 10 1317.11 47.5399 426.853 10 1533.28 12.3372 10.0031 15.1603 24.3944 11.3241 10.0802 10.0001 13.8311 1447.09 210.001 10.0509 1348.77 1700 10.0006 10.7548 250.945 10.1768 335.615 265.135 1264.15 17.6591 10.0574 1310.39 10.0003 10 10.0006 50.2697 1526.03 1524.86 15.2249 1393.72 10.0592 1550.91 10.0001 671.748 1659.82 1700 10 10 112.037 25.1745 10 30.748 1318.57 1579.01 10.131 54.5498 11.0115 1700 1628.58 120.475 10.0289 10 10 11.3844 10 10 10 10.0002 1671.48 1594.26 10.0822 10.0056 1424.16 10.0006 419.378 10.0001 133.599 10.0277 10 218.652 10 1149.07 1103.27 10.0002 10 1270.04 10.5391 1618.26 10 415.939 10.0017 1532.45 10.4307 1638.11 10.0321 10.464 824.736 18.9348 
1590.43 10.1015 1396.79 10 1249.61 10 10.0325 25.3772 10 11.3963 48.2947 72.7684 11.0096 10.6231 1383.94 1507.65 11.2225 1549.68 1240.14 806.249 128.19 10.0249 15.4338 241.301 1280.1 10.0178 1582.55 10.0038 10.0002 10.0369 50.6003 10.0001 39.9966 142.64 1673.75 10.7139 10.0001 10.0088 10.0365 10 10 1055.68 10.0053 31.8811 10 10 505.598 10.0424 10.0045 564.723 10 138.495 10.0003 41.0756 10.6165 11.7294 10.0195 14.6177 865.187 10.0035 10 10 10 1342.59 1044.66 10.0065 1475.29 1644.58 13.892 1208.47 1521.33 1525.89 10 10.0003 10.0143 444.197 175.312 13.8416 349.285 78.0233 1095.96 114.26 18.2984 151.55 83.332 10 10.0112 10.0004 1700 10.2494 10.0006 10.0001 12.599 11.3543 1633.71 10.0098 11.3894 1515.09 10 1364.41 
15.9297 10.0014 10 10.0349 15.9875 10.0082 1282.68 1430.69 11.391 1593.4 134.943 10.2645 10.3154 1582.78 10.1088 1204.12 10 10.0082 1232.26 1334.46 10 10 10 112.657 10.0361 1505.57 43.4161 10 10.0037 10.0011 10.2025 11.3713 1489.87 583.52 1504.84 1234.56 10 20.9807 10 10.0041 1525.38 10 10.0004 108.887 10.0076 126.518 26.6263 1694.81 10.2662 328.276 10.0062 1658.33 890.299 10.0002 13.8144 1319.11 1294.91 10 1514.55 102.931 10 10 703.997 10.0026 10.001 57.443 10.31 10.0002 1681.74 38.9512 10.0881 10.8387 11.0433 10 1260.1 10.1979 13.7806 10.0006 10 1310.03 294.572 10.0028 10 20.6021 1507.11 230.242 86.3348 10 10.0003 10 1700 10.6802 10.6785 343.203 713.555 77.7436 149.74 1551.05 81.5402 1286.78 
10 10 10 10 10 10 10 10 10 10 10 10 10 10 10 10 10 10 10 10 10 10 10 10 10 10 10 10 10 10 10 10 10 10 10 10 10 10 10 10 10 10 10 10 10 10 10 10 10 10 10 10 10 10 10 10 10 10 10 10 10 10 10 10 10 10 10 10 10 10 10 10 10 10 10 10 10 10 10 10 10 10 10 10 10 10 10 10 10 10 10 10 10 10 10 10 10 10 10 10 
10 10 10 10 10 10 10 10 10 10 10 10 10 10 10 10 10 10 10 10 10 10 10 10 10 10 10 10 10 10 10 10 10 10 10 10 10 10 10 10 10 10 10 10 10 10 10 10 10 10 10 10 10 10 10 10 10 10 10 10 10 10 10 10 10 10 10 10 10 10 10 10 10 10 10 10 10 10 10 10 10 10 10 10 10 10 10 10 10 10 10 10 10 10 10 10 10 10 10 10 
10 10 10 10 10 10 10 10 10 10 10 10 10 10 10 10 10 10 10 10 10 10 10 10 10 10 10 10 10 10 10 10 10 10 10 10 10 10 10 10 10 10 10 10 10 10 10 10 10 10 10 10 10 10 10 10 10 10 10 10 10 10 10 10 10 10 10 10 10 10 10 10 10 10 10 10 10 10 10 10 10 10 10 10 10 10 10 10 10 10 10 10 10 10 10 10 10 10 10 10 
10 10 10 10 10 10 10 10 10 10 10 10 10 10 10 10 10 10 10 10 10 10 10 10 10 10 10 10 10 10 10 10 10 10 10 10 10 10 10 10 10 10 10 10 10 10 10 10 10 10 10 10 10 10 10 10 10 10 10 10 10 10 10 10 10 10 10 10 10 10 10 10 10 10 10 10 10 10 10 10 10 10 10 10 10 10 10 10 10 10 10 10 10 10 10 10 10 10 10 10 
10 10 10 10 10 10 10 10 10 10 10 10 10 10 10 10 10 10 10 10 10 10 10 10 10 10 10 10 10 10 10 10 10 10 10 10 10 10 10 10 10 10 10 10 10 10 10 10 10 10 10 10 10 10 10 10 10 10 10 10 10 10 10 10 10 10 10 10 10 10 10 10 10 10 10 10 10 10 10 10 10 10 10 10 10 10 10 10 10 10 10 10 10 10 10 10 10 10 10 10 
10 10 10 10 10 10 10 10 10 10 10 10 10 10 10 10 10 10 10 10 10 10 10 10 10 10 10 10 10 10 10 10 10 10 10 10 10 10 10 10 10 10 10 10 10 10 10 10 10 10 10 10 10 10 10 10 10 10 10 10 10 10 10 10 10 10 10 10 10 10 10 10 10 10 10 10 10 10 10 10 10 10 10 10 10 10 10 10 10 10 10 10 10 10 10 10 10 10 10 10 
10 10 10 10 10 10 10 10 10 10 10 10 10 10 10 10 10 10 10 10 10 10 10 10 10 10 10 10 10 10 10 10 10 10 10 10 10 10 10 10 10 10 10 10 10 10 10 10 10 10 10 10 10 10 10 10 10 10 10 10 10 10 10 10 10 10 10 10 10 10 10 10 10 10 10 10 10 10 10 10 10 10 10 10 10 10 10 10 10 10 10 10 10 10 10 10 10 10 10 10 
10 10 10 10 10 10 10 10 10 10 10 10 10 10 10 10 10 10 10 10 10 10 10 10 10 10 10 10 10 10 10 10 10 10 10 10 10 10 10 10 10 10 10 10 10 10 10 10 10 10 10 10 10 10 10 10 10 10 10 10 10 10 10 10 10 10 10 10 10 10 10 10 10 10 10 10 10 10 10 10 10 10 10 10 10 10 10 10 10 10 10 10 10 10 10 10 10 10 10 10 
10 10 10 10 10 10 10 10 10 10 10 10 10 10 10 10 10 10 10 10 10 10 10 10 10 10 10 10 10 10 10 10 10 10 10 10 10 10 10 10 10 10 10 10 10 10 10 10 10 10 10 10 10 10 10 10 10 10 10 10 10 10 10 10 10 10 10 10 10 10 10 10 10 10 10 10 10 10 10 10 10 10 10 10 10 10 10 10 10 10 10 10 10 10 10 10 10 10 10 10 
10 10 10 10 10 10 10 10 10 10 10 10 10 10 10 10 10 10 10 10 10 10 10 10 10 10 10 10 10 10 10 10 10 10 10 10 10 10 10 10 10 10 10 10 10 10 10 10 10 10 10 10 10 10 10 10 10 10 10 10 10 10 10 10 10 10 10 10 10 10 10 10 10 10 10 10 10 10 10 10 10 10 10 10 10 10 10 10 10 10 10 10 10 10 10 10 10 10 10 10 
10 10 10 10 10 10 10 10 10 10 10 10 10 10 10 10 10 10 10 10 10 10 10 10 10 10 10 10 10 10 10 10 10 10 10 10 10 10 10 10 10 10 10 10 10 10 10 10 10 10 10 10 10 10 10 10 10 10 10 10 10 10 10 10 10 10 10 10 10 10 10 10 10 10 10 10 10 10 10 10 10 10 10 10 10 10 10 10 10 10 10 10 10 10 10 10 10 10 10 10 
10 10 10 10 10 10 10 10 10 10 10 10 10 10 10 10 10 10 10 10 10 10 10 10 10 10 10 10 10 10 10 10 10 10 10 10 10 10 10 10 10 10 10 10 10 10 10 10 10 10 10 10 10 10 10 10 10 10 10 10 10 10 10 10 10 10 10 10 10 10 10 10 10 10 10 10 10 10 10 10 10 10 10 10 10 10 10 10 10 10 10 10 10 10 10 10 10 10 10 10 
10 10 10 10 10 10 10 10 10 10 10 10 10 10 10 10 10 10 10 10 10 10 10 10 10 10 10 10 10 10 10 10 10 10 10 10 10 10 10 10 10 10 10 10 10 10 10 10 10 10 10 10 10 10 10 10 10 10 10 10 10 10 10 10 10 10 10 10 10 10 10 10 10 10 10 10 10 10 10 10 10 10 10 10 10 10 10 10 10 10 10 10 10 10 10 10 10 10 10 10 
10 10 10 10 10 10 10 10 10 10 10 10 10 10 10 10 10 10 10 10 10 10 10 10 10 10 10 10 10 10 10 10 10 10 10 10 10 10 10 10 10 10 10 10 10 10 10 10 10 10 10 10 10 10 10 10 10 10 10 10 10 10 10 10 10 10 10 10 10 10 10 10 10 10 10 10 10 10 10 10 10 10 10 10 10 10 10 10 10 10 10 10 10 10 10 10 10 10 10 10 
10 10 10 10 10 10 10 10 10 10 10 10 10 10 10 10 10 10 10 10 10 10 10 10 10 10 10 10 10 10 10 10 10 10 10 10 10 10 10 10 10 10 10 10 10 10 10 10 10 10 10 10 10 10 10 10 10 10 10 10 10 10 10 10 10 10 10 10 10 10 10 10 10 10 10 10 10 10 10 10 10 10 10 10 10 10 10 10 10 10 10 10 10 10 10 10 10 10 10 10 
10 10 10 10 10 10 10 10 10 10 10 10 10 10 10 10 10 10 10 10 10 10 10 10 10 10 10 10 10 10 10 10 10 10 10 10 10 10 10 10 10 10 10 10 10 10 10 10 10 10 10 10 10 10 10 10 10 10 10 10 10 10 10 10 10 10 10 10 10 10 10 10 10 10 10 10 10 10 10 10 10 10 10 10 10 10 10 10 10 10 10 10 10 10 10 10 10 10 10 10 
10 10 10 10 10 10 10 10 10 10 10 10 10 10 10 10 10 10 10 10 10 10 10 10 10 10 10 10 10 10 10 10 10 10 10 10 10 10 10 10 10 10 10 10 10 10 10 10 10 10 10 10 10 10 10 10 10 10 10 10 10 10 10 10 10 10 10 10 10 10 10 10 10 10 10 10 10 10 10 10 10 10 10 10 10 10 10 10 10 10 10 10 10 10 10 10 10 10 10 10 
10 10 10 10 10 10 10 10 10 10 10 10 10 10 10 10 10 10 10 10 10 10 10 10 10 10 10 10 10 10 10 10 10 10 10 10 10 10 10 10 10 10 10 10 10 10 10 10 10 10 10 10 10 10 10 10 10 10 10 10 10 10 10 10 10 10 10 10 10 10 10 10 10 10 10 10 10 10 10 10 10 10 10 10 10 10 10 10 10 10 10 10 10 10 10 10 10 10 10 10 
10 10 10 10 10 10 10 10 10 10 10 10 10 10 10 10 10 10 10 10 10 10 10 10 10 10 10 10 10 10 10 10 10 10 10 10 10 10 10 10 10 10 10 10 10 10 10 10 10 10 10 10 10 10 10 10 10 10 10 10 10 10 10 10 10 10 10 10 10 10 10 10 10 10 10 10 10 10 10 10 10 10 10 10 10 10 10 10 10 10 10 10 10 10 10 10 10 10 10 10 
10 10 10 10 10 10 10 10 10 10 10 10 10 10 10 10 10 10 10 10 10 10 10 10 10 10 10 10 10 10 10 10 10 10 10 10 10 10 10 10 10 10 10 10 10 10 10 10 10 10 10 10 10 10 10 10 10 10 10 10 10 10 10 10 10 10 10 10 10 10 10 10 10 10 10 10 10 10 10 10 10 10 10 10 10 10 10 10 10 10 10 10 10 10 10 10 10 10 10 10 
10 10 10 10 10 10 10 10 10 10 10 10 10 10 10 10 10 10 10 10 10 10 10 10 10 10 10 10 10 10 10 10 10 10 10 10 10 10 10 10 10 10 10 10 10 10 10 10 10 10 10 10 10 10 10 10 10 10 10 10 10 10 10 10 10 10 10 10 10 10 10 10 10 10 10 10 10 10 10 10 10 10 10 10 10 10 10 10 10 10 10 10 10 10 10 10 10 10 10 10 
10 10 10 10 10 10 10 10 10 10 10 10 10 10 10 10 10 10 10 10 10 10 10 10 10 10 10 10 10 10 10 10 10 10 10 10 10 10 10 10 10 10 10 10 10 10 10 10 10 10 10 10 10 10 10 10 10 10 10 10 10 10 10 10 10 10 10 10 10 10 10 10 10 10 10 10 10 10 10 10 10 10 10 10 10 10 10 10 10 10 10 10 10 10 10 10 10 10 10 10 
10 10 10 10 10 10 10 10 10 10 10 10 10 10 10 10 10 10 10 10 10 10 10 10 10 10 10 10 10 10 10 10 10 10 10 10 10 10 10 10 10 10 10 10 10 10 10 10 10 10 10 10 10 10 10 10 10 10 10 10 10 10 10 10 10 10 10 10 10 10 10 10 10 10 10 10 10 10 10 10 10 10 10 10 10 10 10 10 10 10 10 10 10 10 10 10 10 10 10 10 
10 10 10 10 10 10 10 10 10 10 10 10 10 10 10 10 10 10 10 10 10 10 10 10 10 10 10 10 10 10 10 10 10 10 10 10 10 10 10 10 10 10 10 10 10 10 10 10 10 10 10 10 10 10 10 10 10 10 10 10 10 10 10 10 10 10 10 10 10 10 10 10 10 10 10 10 10 10 10 10 10 10 10 10 10 10 10 10 10 10 10 10 10 10 10 10 10 10 10 10 
