3.6473e-25 0 3.6473e-25 3.6473e-25 1.09417e-24 3.6473e-25 3.6473e-25 0 3.6473e-25 0 7.29459e-25 0 11.1111 11.1111 11.1111 
0 0 0 0 3.6473e-25 0 0 3.6473e-25 0 0 0 0 11.1111 0 0 
0 0 0 0 0 0 0 0 0 0 0 0 0 0 0 
0 0 3.6473e-25 3.6473e-25 3.6473e-25 3.6473e-25 0 0 3.6473e-25 0 11.1111 3.6473e-25 11.1111 0 3.6473e-25 
0 0 0 3.6473e-25 7.29459e-25 0 0 0 0 0 3.6473e-25 11.1111 0 0 0 
0 0 0 0 0 0 0 0 0 0 0 0 0 0 0 
3.6473e-25 7.29459e-25 0 0 11.1111 11.1111 0 0 0 1.09417e-24 3.6473e-25 3.6473e-25 7.29459e-25 0 11.1111 
0 3.6473e-25 0 3.6473e-25 3.6473e-25 0 0 0 0 11.1111 0 3.6473e-25 11.1111 0 11.1111 
0 2.20445e-24 5.73141e-25 0 7.33343e-24 0 0 2.00772e-24 3.6473e-25 0 7.33343e-24 0 0 3.6473e-25 1.53502e-24 
3.6473e-25 0 3.6473e-25 0 0 0 0 0 0 2.26157e-24 0 0 0 2.16613e-24 4.77021e-24 
0 0 0 1.49078e-24 0 0 0 0 0 1.04865e-24 0 0 3.1004e-24 0 2.13387e-24 
0 3.14816e-24 0 3.14816e-24 0 0 0 0 0 2.74322e-24 7.29459e-25 0 6.06102e-25 0 7.29459e-25 
0 4.03731e-24 0 0 0 0 3.48148e-24 11.1111 0 1.36392e-24 0 0 2.84834e-24 3.48148e-24 2.84834e-24 
0 8.50472e-25 3.6473e-25 0 3.33914e-24 0 0 11.1111 0 0 0 11.1111 1.3861e-24 0 3.6473e-25 
0 1.36752e-24 0 0 5.69317e-25 1.52941e-24 0 3.6473e-25 0 3.6473e-25 0 1.40153e-24 0 0 3.6473e-25 
0 3.6473e-25 1.68228e-25 0 1.68228e-25 3.6473e-25 0 0 0 0 0 6.12409e-26 7.29459e-25 4.43511e-25 11.1111 
17.8978 38.6188 11.3398 133.724 51.1635 160.109 67.5332 11.1386 21.2479 40.6882 11.4505 11.2822 11.1255 238.032 11.3116 
11.1308 87.6826 11.1184 37.6257 147.684 13.9407 13.9013 77.8207 84.4618 98.7592 11.7854 13.0944 11.2077 22.5713 12.8868 
55.5985 90.1048 69.1882 11.1677 18.2343 27.4191 26.5337 11.5116 93.9766 46.3006 12.7692 11.1679 93.8353 11.6335 24.9949 
158.173 69.8327 11.3784 68.8581 153.642 33.7203 11.9818 57.5669 14.8281 116.632 219.248 168.338 43.7815 15.4963 25.5489 
190.327 11.6298 98.7792 252.874 28.1844 276.539 11.5752 85.9133 44.7771 11.1466 11.1536 12.486 11.6512 29.7779 51.1977 
12.476 211.834 42.9783 135.728 187.005 40.5515 11.4858 12.3361 73.1831 13.4222 162.68 51.8921 47.8261 12.3941 129.247 
38.4805 11.1193 18.9284 174.398 11.1542 177.959 15.6496 11.1463 12.8009 51.6019 49.3923 11.5513 51.6019 64.9829 58.5962 
11.4205 19.4223 16.2674 24.5286 48.9865 17.105 11.1897 11.1897 145.138 128.617 11.1196 11.2083 19.1015 22.0905 23.5806 
3.6363e-25 0 0 3.67789e-25 3.63214e-25 0 0 3.6363e-25 0 0 3.69774e-25 0 1.16938e-24 0 0 
7.32658e-25 0 6.82733e-25 3.65058e-25 0 11.1111 0 6.99874e-25 0 0 11.1111 7.53906e-25 1.02663e-24 6.8501e-25 0 
0 3.64023e-25 3.65058e-25 3.65058e-25 3.65058e-25 2.80393e-25 0 11.1111 0 0 1.78152e-24 1.10297e-24 2.73107e-25 0 5.88937e-25 
6.69405e-25 0 3.65058e-25 11.1111 0 3.65095e-25 0 0 0 0 0 2.30789e-25 11.1111 3.65095e-25 11.1111 
1.36717e-24 7.51405e-25 3.65058e-25 0 3.65095e-25 11.1111 3.65058e-25 1.81179e-25 0 2.00217e-25 2.00217e-25 0 7.3363e-25 5.51783e-25 0 
0 1.47241e-25 1.54892e-25 1.38737e-25 3.65058e-25 3.65058e-25 3.65058e-25 1.45652e-25 11.1111 1.38737e-25 7.30153e-25 3.65058e-25 0 0 11.1111 
0 0 0 11.1111 0 2.16459e-25 3.65095e-25 0 4.54411e-25 3.65095e-25 0 0 0 8.95054e-26 4.54411e-25 
0 3.65095e-25 0 8.13338e-25 5.46011e-26 0 0 0 4.39807e-26 4.37324e-26 11.1111 0 0 0 4.39554e-26 
0 0 0 0 3.65058e-25 0 0 0 0 0 11.1111 0 0 0 0 
0 3.65095e-25 0 0 0 3.65095e-25 0 3.65058e-25 3.65058e-25 0 0 0 0 11.1111 3.65058e-25 
0 11.1111 0 3.65095e-25 3.65095e-25 0 0 3.65095e-25 0 3.65095e-25 0 0 0 0 0 
3.65058e-25 0 0 3.65058e-25 3.65058e-25 3.65058e-25 0 11.1111 0 0 3.65058e-25 0 3.65058e-25 0 11.1111 
0 0 0 3.65058e-25 0 7.30153e-25 0 3.65058e-25 3.65058e-25 0 11.1111 3.65095e-25 0 0 0 
3.65058e-25 7.30116e-25 1.09516e-24 0 11.1111 3.65058e-25 3.65058e-25 11.1111 11.1111 3.65058e-25 0 11.1111 11.1111 0 0 
0 3.65095e-25 0 0 0 3.65058e-25 3.65058e-25 0 0 7.30153e-25 0 11.1111 0 7.30189e-25 0 
3.65058e-25 0 0 0 3.65095e-25 3.65058e-25 0 3.65058e-25 11.1111 0 0 0 3.65095e-25 11.1111 0 
0 0 3.65095e-25 3.65058e-25 0 3.65058e-25 0 3.65058e-25 3.65058e-25 3.65058e-25 3.65095e-25 11.1111 0 11.1111 0 
0 0 0 0 3.65058e-25 0 3.65058e-25 0 0 0 0 0 0 11.1111 0 
0 3.65058e-25 0 7.30116e-25 7.30116e-25 0 3.65058e-25 0 0 0 3.65095e-25 0 11.1111 0 0 
0 0 3.65095e-25 0 0 0 0 0 0 0 0 0 0 0 0 
0 11.1111 0 0 0 0 0 0 0 0 3.65058e-25 3.65095e-25 0 0 0 
0 3.65095e-25 0 0 3.65058e-25 0 0 3.65058e-25 0 0 0 0 0 0 0 
0 7.30116e-25 0 0 0 0 7.30116e-25 11.1111 3.65058e-25 0 0 3.65058e-25 0 11.1111 0 
0 3.65095e-25 0 0 0 0 0 0 0 0 0 0 0 3.65095e-25 0 
0 0 0 0 0 0 0 0 0 0 0 0 0 0 3.65095e-25 
11.1111 3.65058e-25 0 3.65058e-25 3.65095e-25 0 3.65058e-25 11.1111 3.65095e-25 0 3.65058e-25 0 0 0 11.1111 
0 3.65058e-25 0 0 0 0 11.1111 0 3.65095e-25 0 3.65095e-25 0 0 11.1111 3.65095e-25 
0 3.65095e-25 0 0 7.30116e-25 0 0 3.65058e-25 3.65095e-25 7.30116e-25 0 0 0 11.1111 0 
7.30116e-25 0 0 0 7.30116e-25 11.1111 0 3.65058e-25 11.1111 0 0 0 0 11.1111 11.1111 
0 3.65095e-25 3.65058e-25 0 0 3.65058e-25 0 0 11.1111 7.30189e-25 0 1.09523e-24 0 0 0 
0 3.65058e-25 3.65058e-25 0 0 0 0 3.65095e-25 11.1111 3.65058e-25 3.65095e-25 0 0 0 11.1111 
3.65095e-25 0 0 0 0 0 0 0 3.65095e-25 0 0 0 0 3.65095e-25 0 
0 0 0 0 0 0 0 0 0 0 0 0 0 0 0 
0 0 3.65058e-25 0 0 7.30153e-25 0 0 0 0 3.65095e-25 0 0 0 3.65095e-25 
0 0 11.1111 3.65095e-25 11.1111 0 0 0 3.65095e-25 0 0 0 3.65095e-25 3.65095e-25 0 
0 0 0 3.65095e-25 0 3.65058e-25 0 0 11.1111 3.65095e-25 3.65095e-25 0 0 0 0 
3.65058e-25 0 0 0 0 3.65058e-25 0 0 7.30189e-25 3.65058e-25 0 3.65095e-25 11.1111 0 11.1111 
3.65058e-25 0 0 0 0 3.65058e-25 0 0 11.1111 0 0 3.65095e-25 0 0 3.65058e-25 
0 0 3.65058e-25 0 3.65058e-25 0 7.30153e-25 3.65095e-25 0 0 11.1111 11.1111 0 0 0 
0 0 0 0 0 0 0 0 0 0 0 0 0 0 0 
