3e-05 0.000170804 3e-05 3e-05 6.30663e-05 8.7863e-05 0.000118803 0.000151191 9.17302e-05 8.9044e-05 0.000129 0.000123231 7.68903e-05 3e-05 3e-05 
0.000296674 0.000315845 0.000276527 0.00021113 0.000206573 0.000147601 0.000147601 0.000216411 0.000182697 0.000240063 0.000219393 0.000316377 0.000187363 0.000241093 0.000267968 
0.000420291 0.000274837 0.000463983 0.000336509 0.00039616 0.00029755 0.000373339 0.000412108 0.000355722 0.000265202 0.000370774 0.000364328 0.000313963 0.000422057 0.000413503 
0.00055707 0.000490838 0.000481338 0.000544744 0.00054088 0.000512884 0.000382802 0.000576579 0.000452023 0.000418979 0.000513324 0.000574463 0.000485575 0.000514463 0.000536311 
0.000565095 0.000569982 0.000708939 0.000642323 0.000557107 0.000621188 0.000604679 0.000544598 0.000644861 0.000626592 0.000606649 0.000596026 0.000659648 0.000670416 0.0006788 
0.000746771 0.000793701 0.000751487 0.000813166 0.000866744 0.000742922 0.000711003 0.000870803 0.000642079 0.000695026 0.000745816 0.00082176 0.000806752 0.000714399 0.000762524 
0.000752554 0.000735605 0.000825179 0.00083675 0.000969961 0.000873165 0.000853702 0.000970903 0.00095276 0.000911009 0.000912961 0.000901267 0.000873188 0.000780015 0.00081455 
0.000860979 0.000891268 0.000853206 0.000915311 0.000889633 0.000959445 0.000997491 0.000928189 0.000853206 0.000853206 0.000948761 0.0010027 0.000981101 0.000853206 0.00101103 
0.000184891 8.84261e-05 3e-05 3e-05 8.43371e-05 0.000149053 8.99627e-05 0.000140662 3e-05 3e-05 3e-05 9.51445e-05 0.000134382 4.9388e-05 0.000105127 
0.000204682 0.000148043 0.000245193 0.000275542 0.000185777 0.000164349 0.000302177 0.000151186 0.000195238 0.000227363 0.000291354 0.000258836 0.00021477 0.000207537 0.000252715 
0.00031514 0.000343694 0.000347308 0.000452375 0.000371401 0.000468536 0.000402519 0.000401684 0.000409212 0.000345994 0.000291129 0.000325582 0.000389389 0.000265202 0.000355424 
0.00053067 0.000382802 0.000542787 0.000477803 0.000565493 0.000431341 0.000382802 0.000444954 0.000382802 0.000494158 0.000472838 0.000602463 0.000579761 0.000434916 0.000555377 
0.000633517 0.000536372 0.000517431 0.00055087 0.000722452 0.000583032 0.000624804 0.000500403 0.000608945 0.000651613 0.000680047 0.000684131 0.000533824 0.000686783 0.000670179 
0.000715887 0.000771497 0.000794258 0.000648343 0.000794858 0.000815527 0.000631645 0.000674282 0.000758099 0.000618004 0.00061852 0.000829962 0.00074726 0.000714166 0.000646646 
0.000932291 0.000831488 0.000909289 0.000863457 0.000946219 0.00085335 0.000875019 0.000920626 0.00096327 0.000750682 0.000904082 0.000882284 0.000887907 0.000982782 0.000958133 
0.000853206 0.000853206 0.000936103 0.000853206 0.000949088 0.000853206 0.000853206 0.00100455 0.000940047 -nan 0.000853206 0.000853206 0.000853206 0.000929269 0.000853206 
4.52839e-05 0.000143495 7.66136e-05 3e-05 0.000149672 0.000131274 0.000167597 3e-05 3e-05 8.75457e-05 0.000102181 0.000112873 3e-05 7.15984e-05 0.000166266 
0.000248845 0.000286463 0.000167293 0.000197758 0.000215037 0.000289116 0.000234879 0.000147601 0.000183192 0.00029879 0.000230707 0.000236051 0.000306726 0.000314442 0.000174352 
0.000265202 0.000265202 0.000405412 0.000281059 0.000369757 0.000265202 0.000430968 0.000411828 0.000337559 0.000348638 0.000331313 0.000363978 0.000319239 0.000420411 0.000265202 
0.000516192 0.000412387 0.000530112 0.000382802 0.000473992 0.000567692 0.000527492 0.000394631 0.000423661 0.000526395 0.000455981 0.000453389 0.000579418 0.000513349 0.000501408 
0.000573992 0.000631454 0.000625171 0.000631294 0.000696969 0.000529776 0.000636812 0.000500403 0.000568461 0.00058115 0.00060665 0.000583185 0.0006012 0.000662813 0.000643311 
0.000683982 0.000742725 0.000689715 0.000755861 0.000716035 0.000633409 0.00069706 0.000815388 0.000671569 0.000817125 0.000699761 0.000798313 0.000825194 0.000760079 0.00077308 
0.000961934 0.000855433 0.000922513 0.000773841 0.000951998 0.000869429 0.000996094 0.000908559 0.000928908 0.000737927 0.000945606 0.000881117 0.000817432 0.000874164 0.000933831 
0.000853206 0.000853206 0.000888531 0.000912363 0.000853206 0.00100238 0.000938788 0.000978259 0.000911833 0.000996061 0.000853206 0.000971514 0.000906104 0.000899286 0.000853206 
3e-05 8.03632e-05 3e-05 0.000128775 3e-05 3e-05 0.000133087 5.95404e-05 8.94906e-05 6.83118e-05 0.000123474 3e-05 0.000183943 7.79528e-05 0.000179332 
0.000275237 0.000291732 0.000147601 0.000205026 0.000183545 0.000284179 0.000186039 0.000236652 0.000254411 0.000175153 0.000222517 0.000251263 0.000147601 0.000310789 0.000167275 
0.000265202 0.000332053 0.000377733 0.000371128 0.000381813 0.000406879 0.000394083 0.00042897 0.000265202 0.000306747 0.000321397 0.000425102 0.000279714 0.000355444 0.000297797 
0.000472232 0.000431513 0.000483416 0.000476704 0.000463326 0.000382802 0.000483881 0.000434891 0.000382802 0.000494535 0.000478341 0.00053318 0.000553771 0.000483968 0.000391063 
0.000683545 0.000548055 0.000619517 0.000641116 0.000536345 0.000585398 0.000661711 0.000593053 0.000692339 0.0005363 0.000726241 0.000541326 0.000623876 0.000764593 0.000500403 
0.000836807 0.000702698 0.000824637 0.000785169 0.000723539 0.00078074 0.000756167 0.000814206 0.000758555 0.00067704 0.000639573 0.00070609 0.00070337 0.000618004 0.000662468 
0.00078029 0.000938852 0.000889647 0.000818728 0.000761429 0.000871693 0.000839286 0.00086395 0.000818335 0.000903257 0.000955177 0.000762585 0.000894803 0.000915717 0.000828039 
0.000857215 0.00090074 0.000864032 0.000918949 0.000853206 0.000856468 0.000853206 0.00101094 0.000959053 0.000914976 0.00100804 0.00096731 0.000867452 0.0010022 0.000911003 
0.000168229 4.29766e-05 6.3664e-05 3.90324e-05 0.000102947 0.000168909 3e-05 8.71792e-05 3e-05 3e-05 0.000114147 0.000123233 0.000165221 0.000138254 0.000112824 
0.000241032 0.000264397 0.00022449 0.000171158 0.000147601 0.000186483 0.000147601 0.000306236 0.000341714 0.000248394 0.000302146 0.000195895 0.000247043 0.000224596 0.000263141 
0.000295101 0.000337167 0.000376292 0.000347416 0.00029664 0.000319338 0.000265202 0.000346582 0.00036012 0.000399873 0.000337407 0.000425052 0.000276796 0.000265202 0.000265202 
0.000382802 0.000419524 0.000387927 0.000383662 0.00047114 0.000541129 0.000567552 0.000430094 0.00059773 0.000431774 0.000556275 0.000463938 0.000510594 0.000434992 0.000514354 
0.000695965 0.000605934 0.000650297 0.00073244 0.00059374 0.000566886 0.000652597 0.000672488 0.00054703 0.000700989 0.000507033 0.000500403 0.000542706 0.0006493 0.000614256 
0.000665387 0.00083096 0.000731287 0.000789899 0.000817335 0.000646332 0.000720369 0.000701967 0.000825941 0.000733659 0.000785868 0.000760985 0.000778564 0.000768 0.000714426 
0.000859026 0.000820889 0.000880528 0.00079324 0.000892511 0.000949514 0.000782163 0.00089761 0.000948225 0.000956195 0.000837752 0.000826259 0.00087651 0.000758883 0.000745076 
0.000940526 0.000854035 0.000940004 0.000853206 0.000896229 0.000991442 0.000853206 0.000991743 0.000932588 0.000853206 0.000913153 0.000853206 0.000959252 0.00100689 0.000853206 
8.31473e-05 0.000242371 5.42617e-05 0.00014929 3e-05 5.35017e-05 7.42546e-05 8.27182e-05 3e-05 0.000109221 0.000191285 7.26146e-05 0.000109321 3e-05 0.000120419 
0.000275855 0.000205373 0.000308923 0.00028549 0.000193342 0.000147601 0.00024896 0.000147601 0.00024067 0.00025412 0.000228551 0.000177854 0.000282206 0.000147601 0.000171124 
0.000385134 0.000372557 0.000265202 0.000329825 0.000297477 0.000265202 0.000323227 0.000396974 0.000430223 0.000339031 0.000265202 0.000352006 0.000265202 0.00032094 0.000395293 
0.000535963 0.000551332 0.000434986 0.000417174 0.000470838 0.000498741 0.00044032 0.000523595 0.000482127 0.000450239 0.000519664 0.000382802 0.000588002 0.000382802 0.000420855 
0.000628124 0.000500403 0.000681086 0.000685058 0.000570573 0.000598051 0.000656141 0.000548375 0.000599688 0.000536862 0.000592078 0.000537851 0.000643521 0.000700393 0.000609149 
0.000773002 0.000675912 0.00067228 0.000618004 0.000827871 0.000680324 0.000768087 0.00082833 0.0007864 0.000751614 0.000730817 0.00072898 0.000618004 0.000636683 0.000705779 
0.000766836 0.000881018 0.000922972 0.000786918 0.000865459 0.00086317 0.000824505 0.000859033 0.000879287 0.000939242 0.000941858 0.000806655 0.000922128 0.000801157 0.000752576 
0.000853206 0.00091037 0.000918336 0.00091282 0.000980325 0.000853206 0.000951592 0.00100428 0.000853206 0.000990043 0.000853206 0.00100037 0.000853206 0.000980584 0.0010058 
8.85133e-05 0.000190645 8.98592e-05 0.000114178 0.000122623 6.43348e-05 3e-05 0.000161168 3e-05 3e-05 3e-05 0.000167539 0.000135538 3e-05 7.47635e-05 
0.00021876 0.000179456 0.000333754 0.000220034 0.000147601 0.000165386 0.000253824 0.000176265 0.000165161 0.000211418 0.00029316 0.000147601 0.000284661 0.000294841 0.000248611 
0.000384311 0.000373779 0.000313815 0.000373768 0.000328442 0.000421042 0.000265202 0.000315079 0.000296876 0.000265202 0.000265202 0.000265202 0.00042838 0.000433585 0.000432721 
0.000488935 0.000420058 0.000469169 0.000382802 0.000509393 0.000559678 0.000382802 0.000510089 0.000491081 0.00048455 0.000382802 0.000540961 0.000436114 0.00054026 0.000417824 
0.000622444 0.000578858 0.000637047 0.000731806 0.000630428 0.000589625 0.000597732 0.000578057 0.000663103 0.000650093 0.000566407 0.000682139 0.000648579 0.000573991 0.000681027 
0.000793923 0.000719542 0.000709407 0.000819419 0.000843812 0.000750593 0.000785348 0.00081732 0.000704732 0.00062767 0.000752989 0.000694606 0.000626009 0.000618004 0.000767771 
0.000842852 0.000941486 0.000885277 0.000735605 0.000962834 0.00075472 0.00089761 0.000820875 0.000922201 0.000855151 0.000783236 0.000807799 0.000839325 0.000919632 0.000917188 
0.000956222 0.000853206 0.000927061 0.000891769 0.000853206 0.000879756 0.000933899 0.000888169 0.000905399 0.000952813 0.000874209 0.000999418 0.000853206 0.000853206 0.000956999 
0.000132383 0.000124515 5.76925e-05 0.000205077 8.96149e-05 3e-05 3e-05 3e-05 9.1957e-05 6.30417e-05 7.98429e-05 8.96124e-05 0.000140186 0.000187412 3e-05 
0.000329796 0.000349431 0.00038863 0.000196151 0.000282951 0.000240863 0.000147601 0.000184751 0.000299815 0.00044863 0.00030554 0.000222599 0.000256952 0.000235526 0.000276748 
0.000265202 0.000406363 0.000304952 0.000345313 0.000324103 0.000302331 0.00039136 0.000348288 0.00045602 0.000265202 0.000265202 0.000343427 0.000399559 0.000359209 0.000370273 
0.000498755 0.000517299 0.000382802 0.000590639 0.000441305 0.000506826 0.000437128 0.000565553 0.000448491 0.000532105 0.000444547 0.000575449 0.000382946 0.000382802 0.000522315 
0.000614343 0.000554756 0.000670572 0.00052487 0.000608785 0.000630322 0.000623639 0.000716544 0.000638139 0.000500403 0.000550649 0.000500403 0.000625803 0.000523938 0.000500403 
0.00078924 0.000637295 0.000732032 0.00069282 0.000849378 0.00068113 0.000800794 0.000618004 0.000728514 0.000689513 0.000732151 0.000654935 0.00077613 0.000660308 0.000902419 
0.000854697 0.000992855 0.000803785 0.000851871 0.000798989 0.000746673 0.000918256 0.000910616 0.000762613 0.000796505 0.000858543 0.000860301 0.00073652 0.000834628 0.000890789 
0.00101104 0.000906361 0.000962099 0.000937135 0.000853206 0.000980396 0.000853206 0.000853206 0.000975044 0.00101497 0.000947819 0.000857521 0.000853206 0.000957536 0.000853206 
