0.00012318 5.83655e-05 2.5e-05 7.32326e-05 6.70558e-05 0.000121264 6.76255e-05 2.5e-05 2.5e-05 2.5e-05 0.000116233 7.0277e-05 9.44583e-05 2.5e-05 0.000107979 
7.6694e-05 3.5298e-05 8.46018e-05 2.5e-05 0.000120522 2.5e-05 2.5e-05 7.61334e-05 7.43682e-05 7.22599e-05 2.5e-05 2.5e-05 0.000114474 0.000145795 2.5e-05 
0.000105753 0.000119978 4.12142e-05 8.53234e-05 8.11703e-05 7.06445e-05 0.000111507 2.5e-05 6.86608e-05 5.24452e-05 0.000137528 2.5e-05 0.00012788 6.27017e-05 2.5e-05 
9.8451e-05 7.54181e-05 0.000115619 4.85602e-05 0.000125295 2.5e-05 0.000137773 2.5e-05 7.58263e-05 0.000103552 8.17843e-05 2.5e-05 2.5e-05 2.5e-05 7.29683e-05 
0.000155115 8.56774e-05 7.32058e-05 9.50575e-05 0.000112791 0.000138733 0.000146939 2.5e-05 0.000111759 2.5e-05 6.47024e-05 7.0354e-05 7.28868e-05 2.5e-05 2.5e-05 
2.5e-05 6.80391e-05 0.000119157 2.5e-05 2.5e-05 0.000121884 2.5e-05 6.6524e-05 6.9315e-05 0.000113367 2.5e-05 9.91624e-05 7.08557e-05 0.000151429 7.72892e-05 
2.5e-05 5.30088e-05 0.00011806 2.5e-05 7.13348e-05 2.5e-05 7.04623e-05 8.35689e-05 2.5e-05 2.5e-05 6.75873e-05 9.49332e-05 0.000138472 2.5e-05 0.00012109 
2.5e-05 6.60781e-05 0.00011334 5.69722e-05 7.08613e-05 0.000113325 0.000169675 2.5e-05 2.5e-05 2.5e-05 0.000153185 0.000120388 3.71451e-05 6.63126e-05 7.89182e-05 
0.000102135 0.000162159 0.000114214 3.12078e-05 0.000113875 5.10912e-05 7.93671e-05 7.32769e-05 2.5e-05 7.57404e-05 6.27576e-05 2.5e-05 2.5e-05 2.5e-05 0.000124957 
5.46148e-05 2.5e-05 2.5e-05 2.5e-05 2.5e-05 0.000105058 7.41783e-05 5.34797e-05 0.000143242 0.000131144 7.4455e-05 8.82697e-05 0.000147749 0.000142432 9.79339e-05 
0.000190392 5.83304e-05 0.000116073 0.000107069 0.000178583 6.22175e-05 2.50993e-05 7.25821e-05 2.5e-05 0.000107275 0.000141805 2.5e-05 0.000131626 5.47397e-05 7.40259e-05 
0.000120444 6.87251e-05 7.49669e-05 0.000114136 9.25016e-05 2.5e-05 2.5e-05 6.85603e-05 2.5e-05 0.000100306 2.5e-05 6.2551e-05 9.93599e-05 2.5e-05 2.5e-05 
2.5e-05 0.000146961 5.80715e-05 2.5e-05 2.5e-05 7.4517e-05 5.73516e-05 3.96355e-05 2.5e-05 0.000128585 3.37743e-05 7.76645e-05 0.000121669 0.000123096 0.000109547 
0.000102061 9.87978e-05 2.5e-05 2.5e-05 7.11383e-05 7.20423e-05 7.95841e-05 2.5e-05 2.5e-05 6.70412e-05 6.49157e-05 2.5e-05 0.000129503 0.000105985 2.5e-05 
0.000116436 0.000142028 4.47178e-05 2.5e-05 0.000122548 0.000100562 8.45679e-05 5.83816e-05 4.80575e-05 6.44603e-05 2.5e-05 0.000139631 9.46288e-05 6.89054e-05 2.5e-05 
2.5e-05 2.5e-05 5.82658e-05 6.64683e-05 0.000102657 0.000112135 0.000146873 0.000157384 0.000203712 2.5e-05 7.49988e-05 0.000114799 2.5e-05 6.78489e-05 0.000125358 
6.49373e-05 7.39474e-05 0.000134388 2.5e-05 4.37241e-05 5.60018e-05 2.5e-05 0.000111878 6.21292e-05 2.5e-05 0.000113715 9.08568e-05 0.000109014 2.5e-05 0.00015695 
0.000114437 2.5e-05 0.000159089 7.04801e-05 2.5e-05 9.15116e-05 7.11872e-05 2.5e-05 2.5e-05 4.1307e-05 0.000129036 9.62134e-05 0.000144023 2.5e-05 0.00011067 
5.87278e-05 5.95758e-05 3.715e-05 0.000113633 2.64616e-05 0.000145892 9.72226e-05 6.22744e-05 2.5e-05 8.21274e-05 0.000111149 0.0001581 7.07703e-05 0.000127836 7.40598e-05 
-nan 2.5e-05 0.00010742 2.5e-05 5.84312e-05 2.5e-05 0.000122532 5.79939e-05 0.000109712 8.19761e-05 -nan 2.5e-05 -nan 7.5e-05 7.29945e-05 
0.000157021 0.000241039 0.000136605 0.000138719 0.000182672 0.000163171 0.000235176 0.000207014 0.000188654 0.000248745 0.000282311 0.000213963 0.000213638 0.000190944 0.000158718 
0.000265089 0.000153516 0.000215112 0.000232734 0.000126859 0.000159373 0.000240377 0.000189652 0.00019312 0.000211794 0.000194724 0.000131366 0.000166542 0.000235003 0.000126859 
0.000198402 0.000270734 0.000196424 0.000126859 0.000238589 0.000174068 0.000156149 0.000232269 0.000186842 0.000165315 0.000126859 0.000213986 0.000126859 0.000161852 0.000146837 
0.000202114 0.000210676 0.000137686 0.000201254 0.000141066 0.000238679 0.000251353 0.000186064 0.000181977 0.000164893 0.000245425 0.000240317 0.000144176 0.000151243 0.000195872 
0.000206174 0.000207721 0.000126859 0.000182002 0.000170952 0.000229294 0.000246183 0.000154809 0.000236916 0.000179982 0.00019165 0.000255773 0.000126859 0.000242413 0.000134172 
0.000155779 0.000190364 0.000126859 0.000220398 0.000240888 0.000143818 0.000126859 0.00020264 0.000258441 0.000189651 0.000195755 0.000146101 0.000160974 0.000209709 0.000265459 
0.000247176 0.000202058 0.000269406 0.000234209 0.000248018 0.00020313 0.000172495 0.000250436 0.000126859 0.000126859 0.000162359 0.000216218 0.000155925 0.000207263 0.000166259 
0.000126859 0.000126859 0.000244763 0.000163038 0.000196686 0.000198906 0.000152137 0.000200646 0.000126859 0.000157179 0.000252838 0.00015635 0.000203809 0.000204068 0.000126859 
0.000133382 0.000163024 0.000232123 0.00021358 0.000191287 0.000172466 0.00018421 0.000260943 0.000191689 0.000211639 0.000126859 0.000230106 0.000148955 0.000126859 0.000126859 
0.000211609 0.000177586 0.000141983 0.00018204 0.000252581 0.000202007 0.000207725 0.000131099 0.000233644 0.000218921 0.000189232 0.000259523 0.000258701 0.000126859 0.000172667 
0.000240786 0.00024252 0.000260238 0.000165397 0.000126859 0.000136598 0.000156342 0.000220722 0.000213035 0.000151294 0.000181837 0.000129388 0.000261068 0.000186352 0.000215131 
0.000274828 0.000197041 0.000233854 0.000126859 0.000178007 0.000146878 0.000184139 0.000233519 0.000126859 0.000202537 0.000159852 0.000134338 0.000231147 0.000219278 0.000126859 
0.000175405 0.000187443 0.000126859 0.000175994 0.000225598 0.000253769 0.000126859 0.000269233 0.000127226 0.000224934 0.000275157 0.000175826 0.000193835 0.000213029 0.000166041 
0.000240735 0.000126859 0.000242306 0.000126859 0.000126859 0.000130324 0.000170697 0.000206889 0.000172553 0.000196062 0.000148405 0.000218558 0.000126859 0.000152949 0.000191352 
0.000126859 0.000222159 0.000206922 0.000182227 0.000240268 0.000126859 0.00016787 0.000193037 0.000241236 0.000138245 0.000126859 0.000225052 0.00019201 0.000126859 0.000126859 
0.000163435 0.000236454 0.000178238 0.000206917 0.000247649 0.000185621 0.00023146 0.000156828 0.000126859 0.000148302 0.000181783 0.000170702 0.000240819 0.000126859 0.000212889 
0.000126866 0.000215731 0.000219119 0.000181851 0.000213681 0.000126859 0.000167001 0.000173851 0.000268918 0.000215572 0.000155263 0.000132536 0.00021885 0.000259025 0.000166184 
0.000172248 0.000198842 0.000133168 0.000243944 0.000140937 0.000126859 0.000180496 0.000144389 0.000126859 0.000211192 0.000282615 0.000246322 0.00018001 0.000126859 0.000242849 
0.000246568 0.00019593 0.000253407 0.000126859 0.000140759 0.000126859 0.000126859 0.00017112 0.000197955 0.000155517 0.000218521 0.000126859 0.000205465 0.000126859 0.000175036 
0.000248132 0.000219391 0.000162561 0.000284151 0.000187431 0.000177281 0.000295689 0.000213537 0.000127732 0.000425166 0.000231431 0.000380316 0.000155432 0.000334151 0.000235568 
0.000250013 0.000298006 0.000294535 0.000305255 0.000299652 0.00038771 0.000299561 0.000332654 0.000335433 0.000361038 0.000228717 0.000263088 0.000344445 0.000346011 0.000262057 
0.000326067 0.000354696 0.000281125 0.000261323 0.000344748 0.00027599 0.000359623 0.000228717 0.000322315 0.000322919 0.000287181 0.000268584 0.000318288 0.000263126 0.000404463 
0.00024374 0.000328465 0.000228717 0.000381955 0.000331718 0.000228717 0.000363647 0.000237592 0.000295051 0.00029937 0.000249083 0.000341596 0.000288409 0.000237121 0.000287322 
0.000336218 0.000235389 0.000228717 0.000366967 0.000358318 0.000299705 0.000291752 0.000324773 0.000407322 0.000287905 0.000286754 0.000228717 0.00027647 0.000332232 0.000246868 
0.000364088 0.0003769 0.00031136 0.000359327 0.000321121 0.000281224 0.000277183 0.000331941 0.000279341 0.000235585 0.000341066 0.000358725 0.000323201 0.000294118 0.000322225 
0.000295723 0.000287886 0.000229891 0.000228717 0.000313901 0.000228717 0.000324907 0.000228717 0.000374786 0.000315284 0.000275309 0.000358652 0.000240023 0.000258639 0.000239395 
0.000228717 0.000347613 0.000256682 0.000268691 0.000362399 0.000228717 0.000350527 0.00038504 0.000319304 0.000314017 0.000332696 0.000294522 0.000300744 0.000307956 0.000253133 
0.00027867 0.000228717 0.000360789 0.000230795 0.000292805 0.000329803 0.000248245 0.0003528 0.000286708 0.00037688 0.000345874 0.00025127 0.000307387 0.000276813 0.000333983 
0.000305483 0.000344906 0.000369641 0.000276748 0.000315669 0.000288499 0.000228717 0.00031251 0.000254603 0.000351503 0.000239422 0.000240279 0.000352 0.000290013 0.00025827 
0.000282564 0.000300424 0.000331949 0.000336717 0.000302793 0.000228717 0.000306297 0.000269331 0.000319127 0.000228717 0.000372805 0.00023075 0.000244617 0.000279131 0.000283628 
0.000242449 0.000335949 0.000356265 0.000322609 0.000332548 0.000228717 0.000228717 0.000228717 0.000373472 0.000228717 0.000323709 0.000287479 0.000276989 0.000330826 0.000281096 
0.000278004 0.000315875 0.00035717 0.000368186 0.000285555 0.000273972 0.000278431 0.000241331 0.000356607 0.000317958 0.000324602 0.000268579 0.000250963 0.000315066 0.000228717 
0.000307552 0.000385113 0.000363446 0.000228717 0.00022964 0.000256852 0.0002828 0.00033619 0.000241656 0.000340048 0.000228717 0.000244685 0.000272968 0.000268933 0.000316884 
0.000253079 0.000271228 0.000233427 0.00031911 0.000253295 0.000342629 0.00036127 0.000323456 0.000310745 0.000356076 0.000286937 0.00035453 0.000292572 0.000277109 0.000293998 
0.000378068 0.000278177 0.000321758 0.000228717 0.000313069 0.000273904 0.000292174 0.000278441 0.000236408 0.000332886 0.000238335 0.000280237 0.000228717 0.000256447 0.000351021 
0.000376147 0.000326354 0.000290397 0.000246176 0.000352635 0.000308279 0.000228717 0.000325583 0.000228717 0.000288988 0.000338977 0.000330199 0.000254123 0.00028121 0.000228717 
0.000242976 0.000343442 0.000239084 0.000323157 0.00031881 0.000228717 0.00037041 0.00028525 0.000257481 0.000379061 0.000318481 0.000237009 0.000298257 0.000265882 0.000273705 
0.000344029 0.000386586 0.000323975 0.000228717 0.000228717 0.000303137 0.000228717 0.000274202 0.000295642 0.000392925 0.000347077 0.000355735 0.000338538 0.000291672 0.000310981 
0.000255012 0.000252 0.000290565 0.000228717 0.000344056 0.000341672 0.000355516 0.000320676 0.000278805 0.000228717 0.000249363 0.000361053 0.000265373 0.000293519 0.000300654 
0.000345671 0.00026029 0.000243895 0.000443515 0.000250985 0.00025719 0.000259859 0.000275484 0.000297806 0.000239722 0.000354572 0.00030953 0.000309753 0.000268593 0.000393515 
0.000424984 0.000385157 0.000349614 -nan 0.000330576 0.000406845 0.00036299 0.000397547 0.000361769 0.000427252 0.00038029 0.000330576 0.00033979 -nan 0.000330576 
0.000397957 0.000389571 0.000421328 0.000330576 0.000330576 0.000330576 0.000351396 0.000375369 0.000424582 0.000330576 0.000330576 0.00040443 0.000330576 0.000330576 0.000330576 
0.000414089 0.000419631 0.000384503 0.000330576 0.000341391 0.000330576 0.000334864 0.000387649 0.000330576 0.000424388 0.000330576 0.000361246 0.00037722 0.000423972 0.000363451 
0.000354994 0.000341392 0.000373997 0.000393966 0.000330576 0.000414874 0.000422865 0.000330576 0.000364687 0.000414347 0.000330576 0.000385841 0.000411917 0.000330576 0.000427515 
0.000410782 0.000361554 0.000412657 0.000330576 0.000345601 0.00039186 0.000330576 0.000330576 0.000334955 0.000368921 0.000426023 0.000351364 0.000363269 0.000330576 0.000368491 
0.000382184 0.000330576 0.000330576 0.000398483 0.000330576 0.000353171 0.000330576 0.000330576 0.000422654 0.00042712 0.000330576 0.000403284 0.000410092 0.000369679 0.00039693 
0.000367887 0.000426382 0.000341311 0.000403303 0.000374564 0.000380529 0.000330576 0.000342141 0.000378019 0.000381282 0.000330576 0.000330576 0.000330576 0.000413484 0.000330576 
0.000423312 0.000330576 0.000330576 0.000330576 0.000407584 0.000361502 0.000423582 0.000330576 0.000330576 0.000385793 0.000380946 0.000376889 0.000330576 0.000330576 0.000330576 
0.000369196 0.000330576 0.000421925 0.000330576 0.000389936 0.000399558 0.000330576 0.000332385 0.000414022 0.000330576 0.000427441 0.000413281 0.000413037 0.00033929 0.000330576 
0.000426934 0.000330576 0.00035566 0.00039029 0.000394512 0.000372446 0.000363487 0.000387678 0.000414109 0.000406942 0.000354916 0.000330576 0.000330576 0.000380845 0.00036416 
0.000371423 0.000383335 0.000389866 0.000415867 0.000330576 0.000330576 0.000376752 0.000330576 0.000330576 0.000361921 0.000330576 0.000330576 0.000397166 0.000408626 0.000414148 
0.000426902 0.00040826 0.000330576 0.000370733 0.000405112 0.000330576 0.000330576 0.000330576 0.000330576 0.000362419 0.000342864 0.000330576 0.000380503 0.000330576 0.000330576 
0.000330576 0.000330576 0.000404594 0.000387786 0.00042248 0.000419001 0.000343648 0.000369096 0.000330576 0.000382099 0.000330576 0.000401196 0.000422543 0.000334937 0.000330576 
0.000401863 0.000403123 0.000366659 0.000330576 0.000359493 0.000412218 0.000391571 0.000330576 0.00037093 0.000330576 0.000344179 0.000356517 0.0004086 0.000330576 0.000343089 
0.000330576 0.000330576 0.000330576 0.000364999 0.000374794 0.000330576 0.000330576 0.000330576 0.000419853 0.000390475 0.000330576 0.00040984 0.00038716 0.000330576 0.000391178 
0.000367519 0.000420374 0.000341347 0.000371032 0.000416102 0.000330576 0.000376092 0.000413962 0.000330576 0.000411613 0.000330576 0.000375999 0.000330576 0.000330576 0.000375533 
0.000330576 0.000340999 0.000342204 0.000330576 0.000358548 0.00037079 0.000413493 0.000376596 0.000400108 0.000331847 0.000330576 0.000380155 0.00037275 0.000415408 0.000330576 
0.000330576 0.000330576 0.000377953 0.000330576 0.000387437 0.000352063 0.000330576 0.000398574 0.000369727 0.000330576 0.000372155 0.000330576 0.000330576 0.000378674 0.000330576 
0.000420809 0.000330576 0.000330576 0.000403717 0.000330576 0.000330576 0.000394407 0.000385436 0.000343139 0.000330576 0.000347907 0.000403516 0.000330576 0.000376617 0.000405426 
0.000330576 0.000420773 0.000330576 0.000330576 0.000332538 0.000369004 0.000376593 0.000422355 0.000364256 0.000413325 0.000330576 0.00040157 0.000367311 0.000393862 0.000365147 
