0.000158717 0.00013015 0.000135 0.000158717 4.5e-05 4.5e-05 0.000158717 7.29457e-05 6.63173e-05 0.000158717 0.000158717 6.88654e-05 0.000117202 4.5e-05 6.23541e-05 
5.953e-05 0.000158717 0.000158717 4.5e-05 5.32927e-05 0.000158717 4.5e-05 0.000158717 4.5e-05 6.92602e-05 0.000158717 4.5e-05 0.000142314 4.5e-05 0.000134765 
8.47784e-05 4.5e-05 0.000126735 0.000158717 0.000158717 4.5e-05 4.5e-05 4.5e-05 7.39654e-05 0.000158717 0.00012118 9.93737e-05 0.000124685 4.5e-05 0.000131245 
9.65557e-05 0.000158717 0.000123203 7.92607e-05 4.5e-05 4.5e-05 4.5e-05 4.5e-05 8.14996e-05 9.93249e-05 4.5e-05 0.000158717 0.000132388 0.000158717 0.000158717 
0.000158717 4.5e-05 4.5e-05 0.000158717 0.000118354 0.000123091 4.5e-05 0.0001262 4.5e-05 6.01438e-05 7.32773e-05 0.000158717 8.85557e-05 4.5e-05 0.000158717 
4.5e-05 0.000158717 4.5e-05 0.000158717 4.5e-05 0.000158717 0.000131055 4.5e-05 0.000158717 0.000116001 0.000133033 9.45993e-05 4.5e-05 8.71312e-05 0.000118299 
0.000158717 0.00010011 0.000133829 4.5e-05 0.000123631 0.000147543 0.000158717 4.5e-05 0.000158717 4.5e-05 9.01597e-05 0.000158717 0.000116071 8.8299e-05 4.5e-05 
4.5e-05 4.5e-05 0.000134879 0.000158717 4.5e-05 0.000158717 4.5e-05 9.90929e-05 0.000106103 0.000158717 0.000117432 4.5e-05 0.000131995 0.000158717 6.40409e-05 
9.61627e-05 4.5e-05 7.09694e-05 4.5e-05 0.000158717 4.5e-05 4.5e-05 0.000158717 0.000158717 0.000158717 0.000112661 0.00013511 4.5e-05 7.13663e-05 7.19788e-05 
6.87876e-05 0.000158717 0.000158717 0.000104502 4.5e-05 0.000109511 0.000158717 0.000132139 0.000158717 0.000157087 6.96736e-05 0.000158717 4.5e-05 4.5e-05 5.99198e-05 
-nan 0.000158717 0.000158717 4.5e-05 4.5e-05 8.2014e-05 0.000158717 0.000113925 7.37767e-05 4.5e-05 4.5e-05 0.000158717 0.000121318 0.000134472 4.5e-05 
4.5e-05 4.5e-05 0.000158717 4.5e-05 0.000128953 4.5e-05 0.000158717 4.5e-05 0.000158717 0.000158717 0.000112214 0.000158717 4.5e-05 0.000158717 9.42212e-05 
4.5e-05 4.5e-05 0.000103147 4.5e-05 4.5e-05 0.000158717 0.000158717 4.5e-05 8.24631e-05 4.5e-05 0.000158717 4.5e-05 4.5e-05 6.87695e-05 0.000158717 
0.000158717 0.000158717 8.55094e-05 4.5e-05 0.000130564 4.5e-05 4.5e-05 0.000113799 0.000158717 0.000158717 0.000103869 0.000158717 4.5e-05 9.60331e-05 0.000158717 
4.5e-05 0.000158717 4.5e-05 0.000158717 9.14026e-05 6.96823e-05 4.5e-05 0.000158717 4.5e-05 0.000158717 0.00012241 4.5e-05 0.000129189 0.000158717 0.000129742 
4.5e-05 0.000158717 4.5e-05 4.5e-05 0.000107264 0.000102855 8.41732e-05 0.000158717 0.000158717 0.000158717 0.000158717 4.5e-05 0.000158717 4.5e-05 0.000158717 
4.5e-05 8.72584e-05 9.78616e-05 0.000111069 4.5e-05 0.000158717 4.5e-05 4.5e-05 0.000158717 4.5e-05 4.5e-05 0.000158717 0.000158717 0.000158717 4.5e-05 
4.5e-05 4.5e-05 0.000103894 0.000106263 0.00015497 0.000146367 0.000138653 4.5e-05 4.5e-05 0.000158717 0.000158717 4.5e-05 4.5e-05 9.00773e-05 0.000158717 
0.000115099 0.000158717 7.4066e-05 4.5e-05 0.000158717 0.000158717 0.000121655 0.000158717 4.5e-05 4.5e-05 0.000158717 4.5e-05 7.60182e-05 4.5e-05 0.00012687 
-nan 4.5e-05 -nan 0.000158717 0.000158717 7.24264e-05 4.5e-05 0.00010506 0.000102161 0.000158717 0.000158717 4.5e-05 -nan 4.5e-05 8.59944e-05 
