28.778
57.007
99.293
162.44
188.29
90.764
114.16
61.762
89.127
53.77
84.526
124.48
80.7
55.96
62.974
58.141
160.65
52.708
55.305
35.756
121.69
165.19
51.419
119.54
71.415
105.36
114.52
75.301
134.64
78.407
155.01
29.092
105.78
172.11
114.42
104.49
172.19
63.902
155.52
146.69
13.623
167.7
172.84
121.96
20.328
87.495
135.68
19.594
61.323
87.688
30.425
29.927
44.798
120.87
20.671
118.15
111.94
89.86
84.595
127.48
81.017
177.19
74.611
141.13
49.45
114.25
113.38
131.44
69.956
100.03
78.826
70.023
27.269
94.201
104.8
113.04
74.783
43.202
62.384
58.973
200.67
19.951
139.87
168.58
130.43
162.35
160.73
164.46
140.79
121.52
19.173
70.869
174.9
187.69
30.478
9.9899
171.13
66.565
114.39
54.707
95.801
87.625
45.284
65.069
165.08
119.57
21.461
181.03
78.211
71.573
129.02
13.711
68.205
73.852
119.1
87.92
87.925
42.622
49.382
77.858
20.188
137.17
175.1
79.179
29.026
38.892
78.996
39.903
103.63
59.405
17.922
104.29
34.239
154.87
69.273
127.98
94.823
122.01
59.686
37.165
104.38
61.107
53.082
121.88
64.629
116.68
44.376
123.59
59.659
139.83
104.85
78.814
94.416
84.479
45.692
88.259
189.09
158.78
160.05
119.84
151.57
77.202
107.22
73.982
122.45
126.09
113.4
101.22
107.64
55.524
79.684
145.07
62.014
76.161
97.147
83.666
17.839
38.699
112.63
109.99
59.115
118.08
49.22
90.22
23.567
97.997
31.536
109.78
96.56
135.78
141.85
176.74
163.82
104.63
114.19
39.852
197.95
182.25
109.52
54.718
96.278
95.92
116.53
128.9
49.575
77.028
95.517
163.61
67.143
161.51
106.69
10.463
112.6
53.008
19.248
68.792
131.01
85.175
131.45
103.66
118.42
106.61
138.66
157.46
113.28
130.49
163.61
69.502
97.627
151.91
174.67
164.46
147.86
154.14
66.926
138.39
103.64
156.72
122.31
180.64
129.93
114.62
47.589
48.316
148.57
141.73
47.058
115.98
80.663
10.836
136.3
111.58
172.6
85.096
139.33
123.5
129.67
78.881
147.65
159.92
37.231
90.343
130.19
179.79
33.322
64.299
130.47
33.486
64.77
104.54
95.599
178.27
143.63
94.99
167.23
86.764
52.055
150.28
68.343
113.85
84.912
47.583
56.84
113.22
179.95
62.143
100.54
168.32
143.65
123.23
157.3
139.25
132.94
123.8
85.578
138.29
124.03
75.946
151
49.682
95.06
70.8
9.9899
94.403
178.4
53.26
39.921
137.79
34.143
105.58
121.3
170.45
68.011
39.856
59.003
93.116
181.37
129.42
32.188
138.52
62.046
80.738
161.24
97.584
172.04
136.71
155.24
110.32
79.447
147.29
38.526
171.78
103.38
133.98
166.5
97.182
43.847
85.945
49.676
94.468
163.57
114.09
138.58
81.949
80.75
40.641
102.46
94.055
148.34
87.984
149.53
107.11
27.796
100.19
80.075
58.81
22.74
120.69
113.4
104.8
75.743
68.088
104.9
189.18
129.38
95.475
71.275
66.308
176.14
153.85
131.82
89.366
146.72
149.05
26.218
130.36
43.541
23.459
126.79
36.069
65.072
104.62
86.119
53.209
74.779
72.922
157.92
173.09
145.43
10.477
205.97
145.93
190.01
55.415
36.281
142.41
195.74
90.455
46.325
27.03
157.53
83.658
112.88
74.551
151.08
69.91
45.561
145.41
71.624
78.527
91.522
165.52
109.22
126.78
86.775
147.75
97.387
102.67
172.49
64.963
152.98
0
