214 433 0 0 0 0 0 0 0 0 0 0 0 0 0 
69 199 266 304 0 0 0 0 0 0 0 0 0 0 0 
185 455 0 0 0 0 0 0 0 0 0 0 0 0 0 
137 206 242 0 0 0 0 0 0 0 0 0 0 0 0 
76 128 203 260 0 0 0 0 0 0 0 0 0 0 0 
53 293 366 0 0 0 0 0 0 0 0 0 0 0 0 
223 235 237 363 0 0 0 0 0 0 0 0 0 0 0 
84 124 187 275 300 432 0 0 0 0 0 0 0 0 0 
19 115 218 0 0 0 0 0 0 0 0 0 0 0 0 
139 165 405 0 0 0 0 0 0 0 0 0 0 0 0 
116 407 0 0 0 0 0 0 0 0 0 0 0 0 0 
114 496 0 0 0 0 0 0 0 0 0 0 0 0 0 
14 74 407 440 0 0 0 0 0 0 0 0 0 0 0 
53 284 325 0 0 0 0 0 0 0 0 0 0 0 0 
12 165 272 369 0 0 0 0 0 0 0 0 0 0 0 
24 168 203 204 298 421 0 0 0 0 0 0 0 0 0 
270 271 276 0 0 0 0 0 0 0 0 0 0 0 0 
38 40 52 90 362 414 0 0 0 0 0 0 0 0 0 
436 492 0 0 0 0 0 0 0 0 0 0 0 0 0 
8 431 0 0 0 0 0 0 0 0 0 0 0 0 0 
271 298 0 0 0 0 0 0 0 0 0 0 0 0 0 
147 195 299 303 402 0 0 0 0 0 0 0 0 0 0 
99 170 289 395 0 0 0 0 0 0 0 0 0 0 0 
64 68 231 462 486 0 0 0 0 0 0 0 0 0 0 
15 95 168 241 0 0 0 0 0 0 0 0 0 0 0 
36 45 73 97 470 0 0 0 0 0 0 0 0 0 0 
36 120 179 381 0 0 0 0 0 0 0 0 0 0 0 
128 260 313 0 0 0 0 0 0 0 0 0 0 0 0 
92 215 248 315 343 419 452 493 0 0 0 0 0 0 0 
30 385 433 0 0 0 0 0 0 0 0 0 0 0 0 
29 404 0 0 0 0 0 0 0 0 0 0 0 0 0 
110 122 174 400 0 0 0 0 0 0 0 0 0 0 0 
142 227 258 342 403 454 0 0 0 0 0 0 0 0 0 
68 89 239 343 397 0 0 0 0 0 0 0 0 0 0 
238 469 0 0 0 0 0 0 0 0 0 0 0 0 0 
176 377 397 0 0 0 0 0 0 0 0 0 0 0 0 
25 26 45 77 120 140 251 477 0 0 0 0 0 0 0 
181 186 235 237 409 455 0 0 0 0 0 0 0 0 0 
17 341 362 393 0 0 0 0 0 0 0 0 0 0 0 
109 118 225 300 367 0 0 0 0 0 0 0 0 0 0 
17 257 389 393 0 0 0 0 0 0 0 0 0 0 0 
98 255 293 438 0 0 0 0 0 0 0 0 0 0 0 
97 179 206 470 0 0 0 0 0 0 0 0 0 0 0 
291 319 351 430 0 0 0 0 0 0 0 0 0 0 0 
191 208 231 247 248 336 462 0 0 0 0 0 0 0 0 
25 36 234 327 375 415 477 0 0 0 0 0 0 0 0 
81 219 223 331 0 0 0 0 0 0 0 0 0 0 0 
211 308 360 408 0 0 0 0 0 0 0 0 0 0 0 
243 268 362 390 432 0 0 0 0 0 0 0 0 0 0 
122 178 0 0 0 0 0 0 0 0 0 0 0 0 0 
75 105 471 0 0 0 0 0 0 0 0 0 0 0 0 
181 205 0 0 0 0 0 0 0 0 0 0 0 0 0 
17 90 281 311 0 0 0 0 0 0 0 0 0 0 0 
5 13 153 0 0 0 0 0 0 0 0 0 0 0 0 
57 220 444 458 0 0 0 0 0 0 0 0 0 0 0 
165 331 0 0 0 0 0 0 0 0 0 0 0 0 0 
360 0 0 0 0 0 0 0 0 0 0 0 0 0 0 
54 339 0 0 0 0 0 0 0 0 0 0 0 0 0 
107 125 226 297 337 0 0 0 0 0 0 0 0 0 0 
95 100 278 421 0 0 0 0 0 0 0 0 0 0 0 
201 287 316 347 0 0 0 0 0 0 0 0 0 0 0 
75 149 439 486 0 0 0 0 0 0 0 0 0 0 0 
144 273 395 0 0 0 0 0 0 0 0 0 0 0 0 
110 174 433 0 0 0 0 0 0 0 0 0 0 0 0 
23 96 262 352 466 0 0 0 0 0 0 0 0 0 0 
169 0 0 0 0 0 0 0 0 0 0 0 0 0 0 
172 178 400 0 0 0 0 0 0 0 0 0 0 0 0 
178 348 0 0 0 0 0 0 0 0 0 0 0 0 0 
23 33 158 336 352 426 0 0 0 0 0 0 0 0 0 
1 350 466 0 0 0 0 0 0 0 0 0 0 0 0 
147 154 202 299 490 0 0 0 0 0 0 0 0 0 0 
114 185 455 497 0 0 0 0 0 0 0 0 0 0 0 
113 115 442 0 0 0 0 0 0 0 0 0 0 0 0 
25 229 299 415 0 0 0 0 0 0 0 0 0 0 0 
12 144 167 304 0 0 0 0 0 0 0 0 0 0 0 
50 61 449 486 0 0 0 0 0 0 0 0 0 0 0 
4 173 203 0 0 0 0 0 0 0 0 0 0 0 0 
36 135 140 193 322 0 0 0 0 0 0 0 0 0 0 
376 0 0 0 0 0 0 0 0 0 0 0 0 0 0 
91 252 262 0 0 0 0 0 0 0 0 0 0 0 0 
134 156 247 334 426 490 0 0 0 0 0 0 0 0 0 
46 123 235 363 0 0 0 0 0 0 0 0 0 0 0 
147 163 308 388 0 0 0 0 0 0 0 0 0 0 0 
180 206 325 0 0 0 0 0 0 0 0 0 0 0 0 
7 136 145 243 245 393 0 0 0 0 0 0 0 0 0 
91 144 156 180 294 374 0 0 0 0 0 0 0 0 0 
327 358 359 373 0 0 0 0 0 0 0 0 0 0 0 
91 105 176 262 426 0 0 0 0 0 0 0 0 0 0 
108 150 183 297 479 0 0 0 0 0 0 0 0 0 0 
33 126 352 361 394 0 0 0 0 0 0 0 0 0 0 
17 52 362 468 483 496 0 0 0 0 0 0 0 0 0 
79 85 87 262 273 426 0 0 0 0 0 0 0 0 0 
28 107 147 195 248 332 337 493 0 0 0 0 0 0 0 
139 491 0 0 0 0 0 0 0 0 0 0 0 0 0 
125 379 478 0 0 0 0 0 0 0 0 0 0 0 0 
24 59 197 475 0 0 0 0 0 0 0 0 0 0 0 
64 105 158 394 466 0 0 0 0 0 0 0 0 0 0 
25 42 120 214 230 460 0 0 0 0 0 0 0 0 0 
41 172 293 0 0 0 0 0 0 0 0 0 0 0 0 
22 142 152 170 317 454 0 0 0 0 0 0 0 0 0 
59 270 298 421 0 0 0 0 0 0 0 0 0 0 0 
410 0 0 0 0 0 0 0 0 0 0 0 0 0 0 
268 313 0 0 0 0 0 0 0 0 0 0 0 0 0 
106 173 242 0 0 0 0 0 0 0 0 0 0 0 0 
208 319 442 0 0 0 0 0 0 0 0 0 0 0 0 
50 87 96 167 466 0 0 0 0 0 0 0 0 0 0 
103 120 182 206 242 329 0 0 0 0 0 0 0 0 0 
58 92 163 337 411 0 0 0 0 0 0 0 0 0 0 
88 351 424 442 465 0 0 0 0 0 0 0 0 0 0 
39 322 380 473 0 0 0 0 0 0 0 0 0 0 0 
31 63 182 284 400 0 0 0 0 0 0 0 0 0 0 
171 215 377 410 448 484 0 0 0 0 0 0 0 0 0 
132 201 459 481 0 0 0 0 0 0 0 0 0 0 0 
72 442 0 0 0 0 0 0 0 0 0 0 0 0 0 
11 71 277 301 425 496 0 0 0 0 0 0 0 0 0 
8 72 291 430 0 0 0 0 0 0 0 0 0 0 0 
10 342 0 0 0 0 0 0 0 0 0 0 0 0 0 
152 160 355 403 0 0 0 0 0 0 0 0 0 0 0 
39 300 441 0 0 0 0 0 0 0 0 0 0 0 0 
177 262 338 426 0 0 0 0 0 0 0 0 0 0 0 
26 36 97 106 460 0 0 0 0 0 0 0 0 0 0 
183 280 319 353 443 0 0 0 0 0 0 0 0 0 0 
31 49 329 401 0 0 0 0 0 0 0 0 0 0 0 
81 165 252 368 449 0 0 0 0 0 0 0 0 0 0 
7 283 310 0 0 0 0 0 0 0 0 0 0 0 0 
58 94 248 274 450 492 0 0 0 0 0 0 0 0 0 
89 352 466 0 0 0 0 0 0 0 0 0 0 0 0 
212 227 342 0 0 0 0 0 0 0 0 0 0 0 0 
4 27 365 390 446 0 0 0 0 0 0 0 0 0 0 
376 389 0 0 0 0 0 0 0 0 0 0 0 0 0 
168 203 204 403 434 446 0 0 0 0 0 0 0 0 0 
349 0 0 0 0 0 0 0 0 0 0 0 0 0 0 
112 212 289 459 0 0 0 0 0 0 0 0 0 0 0 
207 253 344 0 0 0 0 0 0 0 0 0 0 0 0 
80 295 472 481 490 0 0 0 0 0 0 0 0 0 0 
77 268 322 0 0 0 0 0 0 0 0 0 0 0 0 
84 229 245 399 0 0 0 0 0 0 0 0 0 0 0 
3 175 206 459 476 0 0 0 0 0 0 0 0 0 0 
228 491 0 0 0 0 0 0 0 0 0 0 0 0 0 
9 93 324 0 0 0 0 0 0 0 0 0 0 0 0 
36 77 251 283 322 0 0 0 0 0 0 0 0 0 0 
196 0 0 0 0 0 0 0 0 0 0 0 0 0 0 
32 99 152 270 278 328 342 0 0 0 0 0 0 0 0 
313 414 474 0 0 0 0 0 0 0 0 0 0 0 0 
62 74 85 188 252 374 395 407 0 0 0 0 0 0 0 
84 253 418 0 0 0 0 0 0 0 0 0 0 0 0 
204 258 371 0 0 0 0 0 0 0 0 0 0 0 0 
21 70 82 92 195 202 337 0 0 0 0 0 0 0 0 
224 387 0 0 0 0 0 0 0 0 0 0 0 0 0 
61 235 273 291 455 0 0 0 0 0 0 0 0 0 0 
88 202 207 388 0 0 0 0 0 0 0 0 0 0 0 
246 251 0 0 0 0 0 0 0 0 0 0 0 0 0 
99 117 142 160 305 321 355 0 0 0 0 0 0 0 0 
53 172 284 400 0 0 0 0 0 0 0 0 0 0 0 
70 334 381 470 0 0 0 0 0 0 0 0 0 0 0 
166 260 371 396 0 0 0 0 0 0 0 0 0 0 0 
80 85 180 295 435 448 0 0 0 0 0 0 0 0 0 
193 365 446 461 0 0 0 0 0 0 0 0 0 0 0 
68 96 215 397 0 0 0 0 0 0 0 0 0 0 0 
0 0 0 0 0 0 0 0 0 0 0 0 0 0 0 
117 152 265 277 321 0 0 0 0 0 0 0 0 0 0 
226 274 465 0 0 0 0 0 0 0 0 0 0 0 0 
246 275 0 0 0 0 0 0 0 0 0 0 0 0 0 
82 107 211 213 478 0 0 0 0 0 0 0 0 0 0 
232 412 498 0 0 0 0 0 0 0 0 0 0 0 0 
9 14 55 123 331 368 440 0 0 0 0 0 0 0 0 
155 265 313 428 434 0 0 0 0 0 0 0 0 0 0 
74 105 266 304 471 0 0 0 0 0 0 0 0 0 0 
15 24 130 203 241 258 0 0 0 0 0 0 0 0 0 
65 173 210 217 241 0 0 0 0 0 0 0 0 0 0 
22 99 342 405 0 0 0 0 0 0 0 0 0 0 0 
111 239 410 484 493 0 0 0 0 0 0 0 0 0 0 
66 98 153 0 0 0 0 0 0 0 0 0 0 0 0 
76 103 169 222 401 0 0 0 0 0 0 0 0 0 0 
31 63 429 433 0 0 0 0 0 0 0 0 0 0 0 
137 182 309 422 0 0 0 0 0 0 0 0 0 0 0 
35 87 199 0 0 0 0 0 0 0 0 0 0 0 0 
119 247 256 259 291 319 338 0 0 0 0 0 0 0 0 
49 66 67 438 0 0 0 0 0 0 0 0 0 0 0 
26 42 295 334 381 463 470 0 0 0 0 0 0 0 0 
83 85 156 188 288 295 384 476 0 0 0 0 0 0 0 
37 51 237 409 0 0 0 0 0 0 0 0 0 0 0 
106 110 175 284 0 0 0 0 0 0 0 0 0 0 0 
88 121 202 280 0 0 0 0 0 0 0 0 0 0 0 
283 314 406 441 0 0 0 0 0 0 0 0 0 0 0 
2 71 273 0 0 0 0 0 0 0 0 0 0 0 0 
37 320 0 0 0 0 0 0 0 0 0 0 0 0 0 
7 253 0 0 0 0 0 0 0 0 0 0 0 0 0 
144 180 384 395 407 476 498 0 0 0 0 0 0 0 0 
329 460 0 0 0 0 0 0 0 0 0 0 0 0 0 
418 432 0 0 0 0 0 0 0 0 0 0 0 0 0 
44 319 337 467 479 0 0 0 0 0 0 0 0 0 0 
212 307 309 475 0 0 0 0 0 0 0 0 0 0 0 
77 157 446 461 0 0 0 0 0 0 0 0 0 0 0 
0 0 0 0 0 0 0 0 0 0 0 0 0 0 0 
21 92 147 402 0 0 0 0 0 0 0 0 0 0 0 
141 380 0 0 0 0 0 0 0 0 0 0 0 0 0 
95 210 0 0 0 0 0 0 0 0 0 0 0 0 0 
313 365 390 0 0 0 0 0 0 0 0 0 0 0 0 
1 176 200 0 0 0 0 0 0 0 0 0 0 0 0 
199 233 354 378 412 0 0 0 0 0 0 0 0 0 0 
60 112 347 472 489 0 0 0 0 0 0 0 0 0 0 
70 147 150 183 207 337 0 0 0 0 0 0 0 0 0 
4 15 76 130 168 204 222 0 0 0 0 0 0 0 0 
15 130 146 203 260 0 0 0 0 0 0 0 0 0 0 
51 301 323 335 483 0 0 0 0 0 0 0 0 0 0 
3 42 83 106 137 463 0 0 0 0 0 0 0 0 0 
133 150 202 383 0 0 0 0 0 0 0 0 0 0 0 
44 104 226 450 0 0 0 0 0 0 0 0 0 0 0 
310 326 367 0 0 0 0 0 0 0 0 0 0 0 0 
169 197 217 241 307 309 0 0 0 0 0 0 0 0 0 
47 163 303 308 478 0 0 0 0 0 0 0 0 0 0 
127 132 192 476 0 0 0 0 0 0 0 0 0 0 0 
163 411 0 0 0 0 0 0 0 0 0 0 0 0 0 
0 97 234 433 0 0 0 0 0 0 0 0 0 0 0 
28 111 158 239 336 0 0 0 0 0 0 0 0 0 0 
234 292 358 420 0 0 0 0 0 0 0 0 0 0 0 
169 210 401 0 0 0 0 0 0 0 0 0 0 0 0 
8 413 430 0 0 0 0 0 0 0 0 0 0 0 0 
46 301 437 455 0 0 0 0 0 0 0 0 0 0 0 
54 225 380 494 0 0 0 0 0 0 0 0 0 0 0 
323 0 0 0 0 0 0 0 0 0 0 0 0 0 0 
173 203 241 446 0 0 0 0 0 0 0 0 0 0 0 
6 46 237 0 0 0 0 0 0 0 0 0 0 0 0 
148 320 353 472 0 0 0 0 0 0 0 0 0 0 0 
39 220 380 458 0 0 0 0 0 0 0 0 0 0 0 
58 161 208 442 465 0 0 0 0 0 0 0 0 0 0 
32 127 342 475 0 0 0 0 0 0 0 0 0 0 0 
138 368 0 0 0 0 0 0 0 0 0 0 0 0 0 
73 136 251 0 0 0 0 0 0 0 0 0 0 0 0 
97 373 460 0 0 0 0 0 0 0 0 0 0 0 0 
23 44 343 450 462 492 0 0 0 0 0 0 0 0 0 
164 293 309 325 438 0 0 0 0 0 0 0 0 0 0 
200 0 0 0 0 0 0 0 0 0 0 0 0 0 0 
45 214 216 0 0 0 0 0 0 0 0 0 0 0 0 
6 37 81 149 237 363 409 0 0 0 0 0 0 0 0 
261 389 413 423 499 0 0 0 0 0 0 0 0 0 0 
6 37 181 223 235 0 0 0 0 0 0 0 0 0 0 
34 350 0 0 0 0 0 0 0 0 0 0 0 0 0 
33 171 215 397 0 0 0 0 0 0 0 0 0 0 0 
399 406 0 0 0 0 0 0 0 0 0 0 0 0 0 
24 168 169 210 222 264 475 0 0 0 0 0 0 0 0 
3 103 106 459 461 0 0 0 0 0 0 0 0 0 0 
48 84 362 393 0 0 0 0 0 0 0 0 0 0 0 
286 314 373 0 0 0 0 0 0 0 0 0 0 0 0 
84 136 280 341 393 427 0 0 0 0 0 0 0 0 0 
151 162 275 399 0 0 0 0 0 0 0 0 0 0 0 
44 80 177 332 336 457 0 0 0 0 0 0 0 0 0 
28 44 92 125 0 0 0 0 0 0 0 0 0 0 0 
0 0 0 0 0 0 0 0 0 0 0 0 0 0 0 
270 355 0 0 0 0 0 0 0 0 0 0 0 0 0 
36 140 151 229 381 399 0 0 0 0 0 0 0 0 0 
79 123 144 0 0 0 0 0 0 0 0 0 0 0 0 
133 145 187 0 0 0 0 0 0 0 0 0 0 0 0 
294 318 325 366 404 445 480 0 0 0 0 0 0 0 0 
41 307 412 0 0 0 0 0 0 0 0 0 0 0 0 
177 0 0 0 0 0 0 0 0 0 0 0 0 0 0 
40 0 0 0 0 0 0 0 0 0 0 0 0 0 0 
32 146 168 270 298 0 0 0 0 0 0 0 0 0 0 
177 462 486 0 0 0 0 0 0 0 0 0 0 0 0 
4 27 155 204 0 0 0 0 0 0 0 0 0 0 0 
236 0 0 0 0 0 0 0 0 0 0 0 0 0 0 
64 79 87 91 119 486 0 0 0 0 0 0 0 0 0 
0 0 0 0 0 0 0 0 0 0 0 0 0 0 0 
241 309 475 0 0 0 0 0 0 0 0 0 0 0 0 
160 166 355 0 0 0 0 0 0 0 0 0 0 0 0 
1 167 0 0 0 0 0 0 0 0 0 0 0 0 0 
0 0 0 0 0 0 0 0 0 0 0 0 0 0 0 
48 102 135 390 432 0 0 0 0 0 0 0 0 0 0 
346 464 0 0 0 0 0 0 0 0 0 0 0 0 0 
16 100 142 250 258 355 0 0 0 0 0 0 0 0 0 
16 20 0 0 0 0 0 0 0 0 0 0 0 0 0 
14 369 0 0 0 0 0 0 0 0 0 0 0 0 0 
62 91 149 185 338 435 439 0 0 0 0 0 0 0 0 
125 161 285 411 0 0 0 0 0 0 0 0 0 0 0 
7 162 246 283 0 0 0 0 0 0 0 0 0 0 0 
16 317 321 328 355 0 0 0 0 0 0 0 0 0 0 
114 160 287 305 468 0 0 0 0 0 0 0 0 0 0 
59 142 342 0 0 0 0 0 0 0 0 0 0 0 0 
376 0 0 0 0 0 0 0 0 0 0 0 0 0 0 
121 183 245 467 0 0 0 0 0 0 0 0 0 0 0 
52 398 483 0 0 0 0 0 0 0 0 0 0 0 0 
431 453 0 0 0 0 0 0 0 0 0 0 0 0 0 
124 140 184 275 344 0 0 0 0 0 0 0 0 0 0 
13 110 153 182 438 0 0 0 0 0 0 0 0 0 0 
274 379 0 0 0 0 0 0 0 0 0 0 0 0 0 
244 373 477 0 0 0 0 0 0 0 0 0 0 0 0 
60 277 302 362 428 468 474 0 0 0 0 0 0 0 0 
180 0 0 0 0 0 0 0 0 0 0 0 0 0 0 
22 132 342 395 454 0 0 0 0 0 0 0 0 0 0 
385 420 0 0 0 0 0 0 0 0 0 0 0 0 0 
43 115 149 177 0 0 0 0 0 0 0 0 0 0 0 
216 433 0 0 0 0 0 0 0 0 0 0 0 0 0 
5 41 98 232 0 0 0 0 0 0 0 0 0 0 0 
85 254 318 448 0 0 0 0 0 0 0 0 0 0 0 
134 156 179 180 334 392 463 0 0 0 0 0 0 0 0 
383 408 415 0 0 0 0 0 0 0 0 0 0 0 0 
58 88 388 0 0 0 0 0 0 0 0 0 0 0 0 
15 20 100 258 371 0 0 0 0 0 0 0 0 0 0 
21 70 73 383 417 0 0 0 0 0 0 0 0 0 0 
7 39 118 0 0 0 0 0 0 0 0 0 0 0 0 
114 205 219 483 0 0 0 0 0 0 0 0 0 0 0 
287 362 365 0 0 0 0 0 0 0 0 0 0 0 0 
21 211 419 478 0 0 0 0 0 0 0 0 0 0 0 
1 74 167 374 0 0 0 0 0 0 0 0 0 0 0 
152 277 365 403 497 0 0 0 0 0 0 0 0 0 0 
308 360 408 417 0 0 0 0 0 0 0 0 0 0 0 
192 210 255 309 348 0 0 0 0 0 0 0 0 0 0 
47 82 211 306 383 408 0 0 0 0 0 0 0 0 0 
175 192 210 232 264 307 438 0 0 0 0 0 0 0 0 
124 209 418 0 0 0 0 0 0 0 0 0 0 0 0 
52 387 0 0 0 0 0 0 0 0 0 0 0 0 0 
489 0 0 0 0 0 0 0 0 0 0 0 0 0 0 
27 102 143 166 198 0 0 0 0 0 0 0 0 0 0 
184 244 327 0 0 0 0 0 0 0 0 0 0 0 0 
28 332 410 493 0 0 0 0 0 0 0 0 0 0 0 
60 362 427 0 0 0 0 0 0 0 0 0 0 0 0 
99 276 321 328 356 370 0 0 0 0 0 0 0 0 0 
254 294 354 378 445 0 0 0 0 0 0 0 0 0 0 
43 104 121 177 191 338 353 467 0 0 0 0 0 0 0 
186 224 398 455 0 0 0 0 0 0 0 0 0 0 0 
152 160 276 317 425 0 0 0 0 0 0 0 0 0 0 
77 109 135 140 375 477 0 0 0 0 0 0 0 0 0 
205 221 0 0 0 0 0 0 0 0 0 0 0 0 0 
139 346 0 0 0 0 0 0 0 0 0 0 0 0 0 
13 83 232 254 404 0 0 0 0 0 0 0 0 0 0 
209 0 0 0 0 0 0 0 0 0 0 0 0 0 0 
45 86 314 373 456 495 0 0 0 0 0 0 0 0 0 
142 276 317 405 0 0 0 0 0 0 0 0 0 0 0 
106 122 189 401 460 0 0 0 0 0 0 0 0 0 0 
378 0 0 0 0 0 0 0 0 0 0 0 0 0 0 
46 55 165 346 369 491 0 0 0 0 0 0 0 0 0 
92 247 315 337 467 490 0 0 0 0 0 0 0 0 0 
381 382 461 472 0 0 0 0 0 0 0 0 0 0 0 
80 154 179 295 490 0 0 0 0 0 0 0 0 0 0 
205 0 0 0 0 0 0 0 0 0 0 0 0 0 0 
44 68 215 247 343 426 0 0 0 0 0 0 0 0 0 
58 92 107 147 191 202 332 0 0 0 0 0 0 0 0 
119 177 273 319 0 0 0 0 0 0 0 0 0 0 0 
57 432 458 0 0 0 0 0 0 0 0 0 0 0 0 
0 0 0 0 0 0 0 0 0 0 0 0 0 0 0 
38 245 398 0 0 0 0 0 0 0 0 0 0 0 0 
32 116 127 142 170 227 278 289 454 0 0 0 0 0 0 
28 33 231 336 492 0 0 0 0 0 0 0 0 0 0 
133 283 0 0 0 0 0 0 0 0 0 0 0 0 0 
495 0 0 0 0 0 0 0 0 0 0 0 0 0 0 
269 324 331 369 372 0 0 0 0 0 0 0 0 0 0 
60 201 353 382 398 0 0 0 0 0 0 0 0 0 0 
67 307 0 0 0 0 0 0 0 0 0 0 0 0 0 
131 423 0 0 0 0 0 0 0 0 0 0 0 0 0 
69 238 0 0 0 0 0 0 0 0 0 0 0 0 0 
43 108 424 442 0 0 0 0 0 0 0 0 0 0 0 
64 68 89 126 0 0 0 0 0 0 0 0 0 0 0 
121 224 319 347 382 398 0 0 0 0 0 0 0 0 0 
200 318 485 0 0 0 0 0 0 0 0 0 0 0 0 
117 152 250 265 270 276 0 0 0 0 0 0 0 0 0 
317 405 0 0 0 0 0 0 0 0 0 0 0 0 0 
0 0 0 0 0 0 0 0 0 0 0 0 0 0 0 
86 216 0 0 0 0 0 0 0 0 0 0 0 0 0 
86 0 0 0 0 0 0 0 0 0 0 0 0 0 0 
47 56 306 408 420 0 0 0 0 0 0 0 0 0 0 
89 0 0 0 0 0 0 0 0 0 0 0 0 0 0 
17 38 48 90 243 287 302 316 474 0 0 0 0 0 0 
6 81 235 0 0 0 0 0 0 0 0 0 0 0 0 
0 0 0 0 0 0 0 0 0 0 0 0 0 0 0 
128 157 198 302 305 403 0 0 0 0 0 0 0 0 0 
5 254 404 416 445 0 0 0 0 0 0 0 0 0 0 
39 209 441 0 0 0 0 0 0 0 0 0 0 0 0 
123 165 228 482 0 0 0 0 0 0 0 0 0 0 0 
14 272 331 346 437 0 0 0 0 0 0 0 0 0 0 
317 437 497 0 0 0 0 0 0 0 0 0 0 0 0 
146 155 298 0 0 0 0 0 0 0 0 0 0 0 0 
346 0 0 0 0 0 0 0 0 0 0 0 0 0 0 
86 230 244 286 327 477 0 0 0 0 0 0 0 0 0 
85 144 304 0 0 0 0 0 0 0 0 0 0 0 0 
45 322 477 0 0 0 0 0 0 0 0 0 0 0 0 
78 129 279 443 0 0 0 0 0 0 0 0 0 0 0 
35 111 445 0 0 0 0 0 0 0 0 0 0 0 0 
200 318 330 445 469 0 0 0 0 0 0 0 0 0 0 
94 285 0 0 0 0 0 0 0 0 0 0 0 0 0 
109 196 220 225 0 0 0 0 0 0 0 0 0 0 0 
26 154 179 251 333 382 399 490 0 0 0 0 0 0 0 
333 347 353 381 427 0 0 0 0 0 0 0 0 0 0 
207 296 299 308 406 408 0 0 0 0 0 0 0 0 0 
180 188 395 447 0 0 0 0 0 0 0 0 0 0 0 
29 290 402 0 0 0 0 0 0 0 0 0 0 0 0 
0 0 0 0 0 0 0 0 0 0 0 0 0 0 0 
148 311 413 0 0 0 0 0 0 0 0 0 0 0 0 
82 150 297 0 0 0 0 0 0 0 0 0 0 0 0 
40 129 236 488 0 0 0 0 0 0 0 0 0 0 0 
48 128 198 268 0 0 0 0 0 0 0 0 0 0 0 
487 0 0 0 0 0 0 0 0 0 0 0 0 0 0 
295 404 410 448 0 0 0 0 0 0 0 0 0 0 0 
38 40 84 243 245 0 0 0 0 0 0 0 0 0 0 
89 96 0 0 0 0 0 0 0 0 0 0 0 0 0 
22 62 144 188 289 384 0 0 0 0 0 0 0 0 0 
155 0 0 0 0 0 0 0 0 0 0 0 0 0 0 
33 35 158 239 0 0 0 0 0 0 0 0 0 0 0 
281 320 341 347 353 0 0 0 0 0 0 0 0 0 0 
136 240 246 251 381 0 0 0 0 0 0 0 0 0 0 
31 66 110 153 0 0 0 0 0 0 0 0 0 0 0 
122 173 217 329 0 0 0 0 0 0 0 0 0 0 0 
21 195 385 0 0 0 0 0 0 0 0 0 0 0 0 
32 117 130 305 365 446 459 0 0 0 0 0 0 0 0 
30 254 325 366 392 0 0 0 0 0 0 0 0 0 0 
9 170 328 356 0 0 0 0 0 0 0 0 0 0 0 
184 240 383 0 0 0 0 0 0 0 0 0 0 0 0 
10 12 144 188 485 0 0 0 0 0 0 0 0 0 0 
47 296 306 308 360 383 0 0 0 0 0 0 0 0 0 
37 181 235 0 0 0 0 0 0 0 0 0 0 0 0 
101 111 171 315 392 448 484 493 0 0 0 0 0 0 0 
107 213 274 0 0 0 0 0 0 0 0 0 0 0 0 
164 200 255 0 0 0 0 0 0 0 0 0 0 0 0 
218 236 387 0 0 0 0 0 0 0 0 0 0 0 0 
17 143 432 0 0 0 0 0 0 0 0 0 0 0 0 
45 73 296 0 0 0 0 0 0 0 0 0 0 0 0 
366 0 0 0 0 0 0 0 0 0 0 0 0 0 0 
299 306 470 0 0 0 0 0 0 0 0 0 0 0 0 
145 190 310 0 0 0 0 0 0 0 0 0 0 0 0 
28 303 0 0 0 0 0 0 0 0 0 0 0 0 0 
216 290 360 456 0 0 0 0 0 0 0 0 0 0 0 
15 59 100 0 0 0 0 0 0 0 0 0 0 0 0 
175 0 0 0 0 0 0 0 0 0 0 0 0 0 0 
236 349 487 499 0 0 0 0 0 0 0 0 0 0 0 
108 351 0 0 0 0 0 0 0 0 0 0 0 0 0 
114 321 453 464 0 0 0 0 0 0 0 0 0 0 0 
68 80 87 91 119 336 448 0 0 0 0 0 0 0 0 
245 316 382 0 0 0 0 0 0 0 0 0 0 0 0 
166 287 474 0 0 0 0 0 0 0 0 0 0 0 0 
174 0 0 0 0 0 0 0 0 0 0 0 0 0 0 
43 115 218 0 0 0 0 0 0 0 0 0 0 0 0 
19 282 0 0 0 0 0 0 0 0 0 0 0 0 0 
7 48 190 268 339 414 0 0 0 0 0 0 0 0 0 
0 29 63 174 214 292 0 0 0 0 0 0 0 0 0 
130 166 0 0 0 0 0 0 0 0 0 0 0 0 0 
156 273 457 0 0 0 0 0 0 0 0 0 0 0 0 
18 492 0 0 0 0 0 0 0 0 0 0 0 0 0 
219 369 370 453 464 0 0 0 0 0 0 0 0 0 0 
41 178 232 284 309 0 0 0 0 0 0 0 0 0 0 
61 273 0 0 0 0 0 0 0 0 0 0 0 0 0 
12 165 0 0 0 0 0 0 0 0 0 0 0 0 0 
118 184 367 0 0 0 0 0 0 0 0 0 0 0 0 
72 104 108 113 226 351 465 479 0 0 0 0 0 0 0 
121 376 0 0 0 0 0 0 0 0 0 0 0 0 0 
54 0 0 0 0 0 0 0 0 0 0 0 0 0 0 
254 318 366 377 378 0 0 0 0 0 0 0 0 0 0 
128 130 157 193 222 403 459 0 0 0 0 0 0 0 0 
384 0 0 0 0 0 0 0 0 0 0 0 0 0 0 
111 156 294 392 410 426 0 0 0 0 0 0 0 0 0 
75 123 482 0 0 0 0 0 0 0 0 0 0 0 0 
125 208 231 492 0 0 0 0 0 0 0 0 0 0 0 
0 0 0 0 0 0 0 0 0 0 0 0 0 0 0 
28 0 0 0 0 0 0 0 0 0 0 0 0 0 0 
282 425 437 0 0 0 0 0 0 0 0 0 0 0 0 
32 99 289 342 0 0 0 0 0 0 0 0 0 0 0 
2 37 71 149 219 320 0 0 0 0 0 0 0 0 0 
327 420 0 0 0 0 0 0 0 0 0 0 0 0 0 
247 435 467 472 0 0 0 0 0 0 0 0 0 0 0 
54 225 339 0 0 0 0 0 0 0 0 0 0 0 0 
112 132 137 242 403 446 489 0 0 0 0 0 0 0 0 
97 120 189 230 329 473 0 0 0 0 0 0 0 0 0 
157 193 242 333 489 0 0 0 0 0 0 0 0 0 0 
23 44 231 259 0 0 0 0 0 0 0 0 0 0 0 
179 206 295 0 0 0 0 0 0 0 0 0 0 0 0 
269 425 437 0 0 0 0 0 0 0 0 0 0 0 0 
108 161 226 442 0 0 0 0 0 0 0 0 0 0 0 
64 69 96 105 126 0 0 0 0 0 0 0 0 0 0 
191 280 319 332 457 490 0 0 0 0 0 0 0 0 0 
90 277 287 483 496 0 0 0 0 0 0 0 0 0 0 
34 378 0 0 0 0 0 0 0 0 0 0 0 0 0 
25 42 154 179 417 0 0 0 0 0 0 0 0 0 0 
50 167 0 0 0 0 0 0 0 0 0 0 0 0 0 
134 201 224 333 457 481 0 0 0 0 0 0 0 0 0 
109 460 0 0 0 0 0 0 0 0 0 0 0 0 0 
143 287 362 428 0 0 0 0 0 0 0 0 0 0 0 
95 192 227 241 264 0 0 0 0 0 0 0 0 0 0 
137 180 188 212 481 0 0 0 0 0 0 0 0 0 0 
36 45 286 322 373 375 0 0 0 0 0 0 0 0 0 
94 163 211 303 0 0 0 0 0 0 0 0 0 0 0 
88 191 442 0 0 0 0 0 0 0 0 0 0 0 0 
254 0 0 0 0 0 0 0 0 0 0 0 0 0 0 
112 134 472 476 0 0 0 0 0 0 0 0 0 0 0 
368 449 0 0 0 0 0 0 0 0 0 0 0 0 0 
90 205 281 301 468 0 0 0 0 0 0 0 0 0 0 
111 171 410 0 0 0 0 0 0 0 0 0 0 0 0 
354 407 0 0 0 0 0 0 0 0 0 0 0 0 0 
23 61 75 259 262 0 0 0 0 0 0 0 0 0 0 
391 423 0 0 0 0 0 0 0 0 0 0 0 0 0 
389 0 0 0 0 0 0 0 0 0 0 0 0 0 0 
201 312 459 461 0 0 0 0 0 0 0 0 0 0 0 
70 80 134 332 334 381 467 0 0 0 0 0 0 0 0 
93 138 331 0 0 0 0 0 0 0 0 0 0 0 0 
18 125 231 343 436 450 0 0 0 0 0 0 0 0 0 
28 92 171 315 410 0 0 0 0 0 0 0 0 0 0 
220 0 0 0 0 0 0 0 0 0 0 0 0 0 0 
327 345 0 0 0 0 0 0 0 0 0 0 0 0 0 
11 90 114 468 0 0 0 0 0 0 0 0 0 0 0 
71 305 370 0 0 0 0 0 0 0 0 0 0 0 0 
164 188 0 0 0 0 0 0 0 0 0 0 0 0 0 
236 423 0 0 0 0 0 0 0 0 0 0 0 0 0 


