0.44793
1
0.31747
1
0.60689
1
0.69438
0.79879
0.32131
0.14399
1
0
0
0
0.30803
0.14129
0.52255
1
0.6665
0
0
0.53877
0.46625
0.54304
1.0117
0.19612
-0.023399
0.15373
0.3544
0.35362
0.48351
1.0129
0
0.35327
0.19225
0.66505
0.69653
0.63527
0.3935
0.52926
0
1
-0.028662
0.46498
0.94776
0.31939
0.12364
1
0.8132
0.32431
0.085029
0.29043
0.24488
0.41104
0.46498
-0.0082291
0.59481
0
1
0.22169
0.62994
0.63527
1
0.533
0.53384
0.9453
0.62141
0.35327
0.19736
0
0.31807
0.14399
0.20004
0.21264
0.031217
0.54128
0.89277
1
0.48351
0.45157
0.1516
0.73975
0.2336
NaN
0.48351
0.085029
0.35438
0.99126
1
1
0.43143
0.31939
0.082282
0.73975
0.41324
0.26176
0.52255
0.29187
0.89277
0.071785
0.40181
0.27411
0.40793
0.59496
1
0.23703
1
0.94356
0.46498
0.88572
0.20004
0.62994
0.27292
0.35438
0.38331
0.68287
0.3447
0.67832
0.11081
0.45679
0
0.5063
0.56669
0.2311
NaN
0.56086
0.7243
0.082282
0.59169
0.58613
0.41712
0.35327
0.2874
0.27629
0.64048
0.3948
1
0.85398
0.73012
0.40793
0.085029
0.15142
0.48351
0.21682
1
0.29187
0.4222
1
0.41104
0
0.41104
0.51028
1
0.84949
0.016434
0.60722
0.58543
0.50834
0.5965
0.53509
NaN
0.44922
0.3056
0.46498
0
1
0.41104
0.85913
0
0.58629
0.39222
NaN
0.328
0.68883
1
0.37467
0.19612
0.71266
0.89122
0.89277
1
0.65006
1
0.48351
0.40793
0.61099
0.47279
0.49762
0.69852
0.31519
0.071316
0.082282
-0.0045535
0.20004
0.35438
0.45602
0.17261
0.57108
0.14399
0.978
0
0.35438
0.48351
0.32347
0.24859
0
1
0
0.43073
0.67832
0.65931
0
0
0.47086
0.31026
0.44944
0.082282
0.2874
0.71266
0.94922
0.31657
0.085029
0.40793
0.085029
0.14793
1
0.37497
0.46722
0.61701
0.40785
0.29187
0.17093
0
0.63787
1
0.044263
0.082282
0.10555
0.81479
0.22444
0.73012
0.61263
0.17809
0.35362
0.082282
0.34164
0.39702
0.24685
0.66912
1
0.52903
0
0.31026
0.52257
0.68812
0.89094
0.087089
0
0.48351
0.40589
0.49892
1
0.53046
0.35327
0
0.48351
0.24685
0.46498
0.30632
0.47086
0.050133
0.044127
0.29187
1
0.3882
0.58725
0.52319
0.3763
0.24685
0.39523
0.48351
0.2331
0.38487
0.73975
0.2874
0.48351
0
0.21339
0.73975
0.62598
1
0.085029
0.27028
0.58618
0.35327
0.2874
0
0.23324
0.20876
0.20004
0.2874
0.3756
0.65977
0.29187
0.71266
1
0.20185
0.15505
0.58222
0.29187
0.15142
0.43043
0.65711
0.58543
1
0.39421
0.45323
0.051562
0.39523
0.56462
0.70128
1
0
0
0.63527
0.2874
0.32056
0.20126
0.33191
0.33035
0
0.63609
1
1
1
0.73975
0.63878
0.48351
1
0.30158
1
0.69882
0.44099
0.16788
0.30428
0.30231
0.54128
0.52255
0.78493
0.1535
1
0.36652
0.41588
0.63527
0.15142
0.13749
1
0.3948
1
1
0.33814
0.35362
0.62997
0.31026
0.44629
0.41104
0.58931
0.61744
0.20344
0.4022
0.19612
0.94677
0.55145
0
0.15142
0.074162
0.44944
0.6898
0.66322
1
0
0.67832
1
0.58543
0.15142
0.69251
0.71271
0.58931
0.58931
1
0.73012
0.66324
0.47086
0
0.20185
0.4156
0.48351
0.24685
0.30973
0.35988
0.57845
0.35362
0.89277
0.49338
0.60689
0.47086
0.60689
1
0
0.48351
0.81208
0.54128
0.2897
0.3948
0.63527
0.41104
0.043365
0.16294
0.37165
0.14722
1
0.51658
