13 25 29 31 63 86 0 0 0 0 0 0 0 0 0 
79 85 3033 3055 0 0 0 0 0 0 0 0 0 0 0 
9 11 12 16 22 46 62 81 99 0 0 0 0 0 0 
22 26 42 60 80 83 91 0 0 0 0 0 0 0 0 
27 32 54 76 77 5034 5060 5068 5073 5089 0 0 0 0 0 
35 53 65 98 2053 2070 2072 3055 0 0 0 0 0 0 0 
8 19 37 46 51 61 81 0 0 0 0 0 0 0 0 
39 48 57 84 0 0 0 0 0 0 0 0 0 0 0 
6 19 37 52 72 78 0 0 0 0 0 0 0 0 0 
2 46 93 3052 3082 0 0 0 0 0 0 0 0 0 0 
62 65 85 3007 3033 3040 3055 3077 0 0 0 0 0 0 0 
2 38 71 81 90 99 0 0 0 0 0 0 0 0 0 
2 16 62 74 3007 3052 3077 0 0 0 0 0 0 0 0 
0 31 42 49 53 63 65 76 83 0 0 0 0 0 0 
62 0 0 0 0 0 0 0 0 0 0 0 0 0 0 
20 24 32 5034 0 0 0 0 0 0 0 0 0 0 0 
2 12 20 59 3050 3052 3053 3071 3077 3078 3079 3089 0 0 0 
38 40 0 0 0 0 0 0 0 0 0 0 0 0 0 
28 2011 2013 2015 2031 2063 2081 0 0 0 0 0 0 0 0 
6 8 72 0 0 0 0 0 0 0 0 0 0 0 0 
15 16 59 3050 3071 3098 0 0 0 0 0 0 0 0 0 
25 28 29 47 82 92 2063 2071 0 0 0 0 0 0 0 
2 3 32 59 60 62 65 76 83 99 3077 0 0 0 0 
50 64 68 75 0 0 0 0 0 0 0 0 0 0 0 
15 59 65 3098 5082 5089 0 0 0 0 0 0 0 0 0 
0 21 29 42 45 56 73 86 0 0 0 0 0 0 0 
3 43 60 70 0 0 0 0 0 0 0 0 0 0 0 
4 32 48 90 5074 0 0 0 0 0 0 0 0 0 0 
18 21 33 68 92 94 0 0 0 0 0 0 0 0 0 
2095 21 25 30 53 0 0 0 0 0 0 0 0 0 0 
29 33 35 53 2011 2076 2095 0 0 0 0 0 0 0 0 
5001 13 49 86 5029 5092 0 0 0 0 0 0 0 0 0 
4 15 22 27 76 0 0 0 0 0 0 0 0 0 0 
28 30 35 87 89 2058 0 0 0 0 0 0 0 0 0 
69 2039 2052 2070 2076 3063 0 0 0 0 0 0 0 0 0 
5 30 33 83 85 87 0 0 0 0 0 0 0 0 0 
39 42 45 73 77 84 86 5041 5061 5073 5077 0 0 0 0 
6 8 43 51 81 0 0 0 0 0 0 0 0 0 0 
11 17 40 43 48 52 60 78 84 90 0 0 0 0 0 
7 36 5041 5073 5094 0 0 0 0 0 0 0 0 0 0 
17 38 78 0 0 0 0 0 0 0 0 0 0 0 0 
65 98 3064 3096 0 0 0 0 0 0 0 0 0 0 0 
3 13 25 36 60 70 76 77 83 97 0 0 0 0 0 
26 37 38 68 78 81 0 0 0 0 0 0 0 0 0 
58 68 72 88 0 0 0 0 0 0 0 0 0 0 0 
25 36 56 73 86 5095 0 0 0 0 0 0 0 0 0 
2 6 9 71 75 3082 0 0 0 0 0 0 0 0 0 
21 2029 2043 2090 0 0 0 0 0 0 0 0 0 0 0 
7 27 38 54 77 0 0 0 0 0 0 0 0 0 0 
13 31 76 5001 0 0 0 0 0 0 0 0 0 0 0 
23 75 79 96 0 0 0 0 0 0 0 0 0 0 0 
6 37 71 0 0 0 0 0 0 0 0 0 0 0 0 
8 38 78 0 0 0 0 0 0 0 0 0 0 0 0 
5 13 29 30 63 2095 0 0 0 0 0 0 0 0 0 
4 48 57 5074 5088 0 0 0 0 0 0 0 0 0 0 
74 75 93 3052 3082 0 0 0 0 0 0 0 0 0 0 
25 45 86 2074 5020 0 0 0 0 0 0 0 0 0 0 
7 54 5088 0 0 0 0 0 0 0 0 0 0 0 0 
44 68 88 94 0 0 0 0 0 0 0 0 0 0 0 
16 20 22 24 65 95 3064 3077 3078 3098 5021 0 0 0 0 
3 22 26 38 42 77 0 0 0 0 0 0 0 0 0 
6 0 0 0 0 0 0 0 0 0 0 0 0 0 0 
2 10 12 14 22 74 75 79 85 91 0 0 0 0 0 
2055 13 53 66 2082 5004 0 0 0 0 0 0 0 0 0 
23 89 96 2058 0 0 0 0 0 0 0 0 0 0 0 
5 10 13 22 24 41 59 66 67 83 98 0 0 0 0 
63 65 2094 5004 0 0 0 0 0 0 0 0 0 0 0 
65 0 0 0 0 0 0 0 0 0 0 0 0 0 0 
23 28 43 44 58 70 80 87 88 91 92 94 0 0 0 
34 79 89 2039 3066 0 0 0 0 0 0 0 0 0 0 
26 42 68 73 80 82 84 88 92 0 0 0 0 0 0 
11 46 51 81 0 0 0 0 0 0 0 0 0 0 0 
8 19 44 0 0 0 0 0 0 0 0 0 0 0 0 
25 36 45 70 84 0 0 0 0 0 0 0 0 0 0 
12 55 62 79 3028 0 0 0 0 0 0 0 0 0 0 
23 46 50 55 62 81 0 0 0 0 0 0 0 0 0 
4 13 22 32 42 49 77 5061 5089 0 0 0 0 0 0 
4 36 42 48 60 76 0 0 0 0 0 0 0 0 0 
8 38 40 43 52 88 0 0 0 0 0 0 0 0 0 
1 50 62 69 74 85 3028 3033 0 0 0 0 0 0 0 
3 68 70 83 87 0 0 0 0 0 0 0 0 0 0 
2 6 11 37 43 71 75 91 0 0 0 0 0 0 0 
21 70 88 92 0 0 0 0 0 0 0 0 0 0 0 
3 13 22 35 42 65 80 85 0 0 0 0 0 0 0 
7 36 38 70 73 0 0 0 0 0 0 0 0 0 0 
1 10 35 62 79 83 87 0 0 0 0 0 0 0 0 
5029 25 31 36 45 56 97 5077 5095 0 0 0 0 0 0 
33 35 68 80 85 91 96 0 0 0 0 0 0 0 0 
44 58 68 70 78 82 92 0 0 0 0 0 0 0 0 
33 64 69 96 2081 0 0 0 0 0 0 0 0 0 0 
11 27 38 0 0 0 0 0 0 0 0 0 0 0 0 
3 62 68 81 87 0 0 0 0 0 0 0 0 0 0 
21 28 68 70 82 88 0 0 0 0 0 0 0 0 0 
9 55 3052 3076 0 0 0 0 0 0 0 0 0 0 0 
28 58 68 0 0 0 0 0 0 0 0 0 0 0 0 
59 3064 3078 5021 0 0 0 0 0 0 0 0 0 0 0 
50 64 87 89 0 0 0 0 0 0 0 0 0 0 0 
42 86 0 0 0 0 0 0 0 0 0 0 0 0 0 
5 41 65 2078 2094 3055 0 0 0 0 0 0 0 0 0 
2 11 22 0 0 0 0 0 0 0 0 0 0 0 0 


27 46 78 97 0 0 0 0 0 0 0 0 0 0 0 
11 43 53 60 66 76 82 98 0 0 0 0 0 0 0 
9 10 59 6069 6094 0 0 0 0 0 0 0 0 0 0 
30 32 37 57 75 93 0 0 0 0 0 0 0 0 0 
8 19 21 25 34 48 77 91 0 0 0 0 0 0 0 
19 23 26 38 44 67 85 0 0 0 0 0 0 0 0 
20 73 75 6038 6083 0 0 0 0 0 0 0 0 0 0 
25 61 91 0 0 0 0 0 0 0 0 0 0 0 0 
4 13 50 61 0 0 0 0 0 0 0 0 0 0 0 
2 18 24 28 35 6037 6093 0 0 0 0 0 0 0 0 
2 55 59 74 82 6030 6093 6094 6098 0 0 0 0 0 0 
1 43 45 71 76 86 98 1018 1030 0 0 0 0 0 0 
34 37 52 60 76 80 85 86 98 0 0 0 0 0 0 
8 21 31 50 1018 0 0 0 0 0 0 0 0 0 0 
0 0 0 0 0 0 0 0 0 0 0 0 0 0 0 
81 1018 0 0 0 0 0 0 0 0 0 0 0 0 0 
65 4004 4014 4036 4037 4044 4051 4076 4084 4099 0 0 0 0 0 
30 32 42 60 70 72 0 0 0 0 0 0 0 0 0 
9 20 40 89 6007 6014 6037 6040 6057 6083 6091 6095 0 0 0 
4 5 34 77 0 0 0 0 0 0 0 0 0 0 0 
6 18 36 40 51 79 84 93 6095 0 0 0 0 0 0 
4 13 31 33 34 45 48 50 86 98 0 0 0 0 0 
55 4048 6024 6061 0 0 0 0 0 0 0 0 0 0 0 
5 38 65 4061 4091 0 0 0 0 0 0 0 0 0 0 
9 35 40 59 62 6030 6037 0 0 0 0 0 0 0 0 
4 7 91 0 0 0 0 0 0 0 0 0 0 0 0 
5 0 0 0 0 0 0 0 0 0 0 0 0 0 0 
4005 42 69 92 97 4006 4056 4078 6062 0 0 0 0 0 0 
9 35 55 66 68 89 96 6015 6030 0 0 0 0 0 0 
31 45 63 90 1047 0 0 0 0 0 0 0 0 0 0 
3 17 32 66 68 93 6015 0 0 0 0 0 0 0 0 
13 21 29 45 1018 0 0 0 0 0 0 0 0 0 0 
3 17 30 42 75 80 92 0 0 0 0 0 0 0 0 
21 45 50 62 0 0 0 0 0 0 0 0 0 0 0 
4 12 19 21 36 47 48 56 79 80 0 0 0 0 0 
9 24 28 40 62 66 93 6030 6037 6093 6095 0 0 0 0 
20 34 47 51 54 62 79 83 87 0 0 0 0 0 0 
3 12 57 80 0 0 0 0 0 0 0 0 0 0 0 
5 23 39 49 52 81 4020 4061 0 0 0 0 0 0 0 
38 1034 1069 4020 4061 4094 0 0 0 0 0 0 0 0 0 
18 20 24 35 51 62 87 6037 6047 6095 0 0 0 0 0 
43 59 66 82 6030 6093 0 0 0 0 0 0 0 0 0 
17 27 32 65 70 88 4036 4056 0 0 0 0 0 0 0 
1 11 41 45 59 62 71 74 90 1047 0 0 0 0 0 
5 56 64 80 85 88 99 4095 0 0 0 0 0 0 0 
11 21 29 31 33 43 90 0 0 0 0 0 0 0 0 
4056 68 72 78 94 4060 6015 6056 0 0 0 0 0 0 0 
34 36 54 83 91 0 0 0 0 0 0 0 0 0 0 
4 21 34 49 85 86 0 0 0 0 0 0 0 0 0 
38 48 0 0 0 0 0 0 0 0 0 0 0 0 0 
8 13 21 33 0 0 0 0 0 0 0 0 0 0 0 
20 36 40 57 62 93 0 0 0 0 0 0 0 0 0 
12 38 65 76 85 1034 0 0 0 0 0 0 0 0 0 
1 72 76 1005 0 0 0 0 0 0 0 0 0 0 0 
36 47 79 83 84 0 0 0 0 0 0 0 0 0 0 
10 22 28 1063 6015 6056 6086 0 0 0 0 0 0 0 0 
34 44 64 75 0 0 0 0 0 0 0 0 0 0 0 
3 37 51 66 93 98 0 0 0 0 0 0 0 0 0 
81 1033 1064 0 0 0 0 0 0 0 0 0 0 0 0 
2 10 24 41 43 74 6030 6051 0 0 0 0 0 0 0 
1 12 17 66 72 76 98 0 0 0 0 0 0 0 0 
7 8 0 0 0 0 0 0 0 0 0 0 0 0 0 
24 33 35 36 40 43 51 66 87 98 0 0 0 0 0 
29 1018 1021 0 0 0 0 0 0 0 0 0 0 0 0 
44 56 75 88 4054 0 0 0 0 0 0 0 0 0 0 
16 23 42 52 67 4017 4091 4095 0 0 0 0 0 0 0 
1 28 30 35 41 57 60 62 82 93 6093 0 0 0 0 
5 65 99 4087 4091 0 0 0 0 0 0 0 0 0 0 
28 30 46 69 73 89 96 4006 6015 6062 6079 6097 0 0 0 
27 68 73 75 92 4007 4073 6038 6097 0 0 0 0 0 0 
17 42 72 78 1005 1034 4017 0 0 0 0 0 0 0 0 
11 43 95 1021 0 0 0 0 0 0 0 0 0 0 0 
17 46 53 60 70 1005 0 0 0 0 0 0 0 0 0 
6 68 69 93 6038 6097 0 0 0 0 0 0 0 0 0 
10 43 59 82 95 1056 0 0 0 0 0 0 0 0 0 
3 6 32 56 64 69 79 92 0 0 0 0 0 0 0 
1 11 12 52 53 60 86 1030 1034 0 0 0 0 0 0 
4 19 0 0 0 0 0 0 0 0 0 0 0 0 0 
4024 46 70 1098 4036 4040 4056 4060 6044 0 0 0 0 0 0 
20 34 36 54 75 0 0 0 0 0 0 0 0 0 0 
12 32 34 37 44 85 0 0 0 0 0 0 0 0 0 
15 38 58 86 1018 1089 0 0 0 0 0 0 0 0 0 
1 10 41 66 74 1063 6025 6093 0 0 0 0 0 0 0 
36 47 54 84 91 0 0 0 0 0 0 0 0 0 0 
20 54 83 87 0 0 0 0 0 0 0 0 0 0 0 
5 12 44 48 52 80 0 0 0 0 0 0 0 0 0 
11 12 21 48 76 81 0 0 0 0 0 0 0 0 0 
36 40 62 84 0 0 0 0 0 0 0 0 0 0 0 
42 44 64 92 4005 4084 4095 0 0 0 0 0 0 0 0 
18 28 68 93 6038 6055 0 0 0 0 0 0 0 0 0 
29 43 45 1047 0 0 0 0 0 0 0 0 0 0 0 
4 7 25 47 83 0 0 0 0 0 0 0 0 0 0 
27 32 69 75 88 0 0 0 0 0 0 0 0 0 0 
3 20 30 35 51 57 66 73 89 6034 6095 0 0 0 0 
46 1066 1098 4045 6044 6045 6086 0 0 0 0 0 0 0 0 
71 74 1029 1030 1053 0 0 0 0 0 0 0 0 0 0 
28 68 6034 6055 0 0 0 0 0 0 0 0 0 0 0 
4006 27 4056 0 0 0 0 0 0 0 0 0 0 0 0 
1 11 12 21 57 60 62 0 0 0 0 0 0 0 0 
44 67 4095 0 0 0 0 0 0 0 0 0 0 0 0 


2 11 33 55 63 0 0 0 0 0 0 0 0 0 0 
12 24 46 65 72 0 0 0 0 0 0 0 0 0 0 
4032 11 13 48 49 51 54 80 94 99 4038 0 0 0 0 
4 22 58 0 0 0 0 0 0 0 0 0 0 0 0 
3 68 7023 7055 0 0 0 0 0 0 0 0 0 0 0 
21 65 72 81 87 0 0 0 0 0 0 0 0 0 0 
29 32 51 54 84 88 92 94 4008 0 0 0 0 0 0 
33 69 74 89 1010 1012 0 0 0 0 0 0 0 0 0 
18 31 48 85 4015 4097 0 0 0 0 0 0 0 0 0 
25 70 78 86 98 7072 7075 7081 7093 0 0 0 0 0 0 
27 30 34 44 7001 7005 7084 0 0 0 0 0 0 0 0 
4032 2 49 90 4064 0 0 0 0 0 0 0 0 0 0 
1 42 58 88 0 0 0 0 0 0 0 0 0 0 0 
2 39 48 67 85 4015 4052 0 0 0 0 0 0 0 0 
34 92 4064 0 0 0 0 0 0 0 0 0 0 0 0 
39 47 48 94 4015 4077 0 0 0 0 0 0 0 0 0 
34 90 4006 4025 4026 4045 4062 4064 4071 4078 7001 7004 7017 7032 7070 
42 84 0 0 0 0 0 0 0 0 0 0 0 0 0 
8 36 47 48 66 69 74 80 91 97 0 0 0 0 0 
21 24 35 56 72 81 91 0 0 0 0 0 0 0 0 
25 60 70 7014 7020 7022 7080 0 0 0 0 0 0 0 0 
5 19 23 37 56 57 81 0 0 0 0 0 0 0 0 
3 41 46 68 83 7091 7096 0 0 0 0 0 0 0 0 
21 0 0 0 0 0 0 0 0 0 0 0 0 0 0 
1 19 45 69 72 81 95 0 0 0 0 0 0 0 0 
9 20 60 68 70 86 7005 7022 7033 0 0 0 0 0 0 
28 0 0 0 0 0 0 0 0 0 0 0 0 0 0 
10 34 64 83 96 7041 7081 7091 0 0 0 0 0 0 0 
26 66 74 1074 1079 0 0 0 0 0 0 0 0 0 0 
6 34 49 75 92 0 0 0 0 0 0 0 0 0 0 
10 34 83 86 7007 7010 7096 0 0 0 0 0 0 0 0 
8 39 59 62 4015 4019 4097 0 0 0 0 0 0 0 0 
6 42 88 93 0 0 0 0 0 0 0 0 0 0 0 
0 7 40 55 74 1001 1010 1079 0 0 0 0 0 0 0 
10 14 16 27 29 30 84 4042 4062 4064 7007 7027 7091 7096 0 
19 37 56 91 0 0 0 0 0 0 0 0 0 0 0 
18 56 57 76 0 0 0 0 0 0 0 0 0 0 0 
21 35 56 0 0 0 0 0 0 0 0 0 0 0 0 
63 67 4050 4052 4091 0 0 0 0 0 0 0 0 0 0 
13 15 31 85 4003 4068 0 0 0 0 0 0 0 0 0 
33 89 96 99 1010 0 0 0 0 0 0 0 0 0 0 
22 58 0 0 0 0 0 0 0 0 0 0 0 0 0 
12 17 32 46 75 88 0 0 0 0 0 0 0 0 0 
45 46 53 68 78 79 0 0 0 0 0 0 0 0 0 
10 7005 7008 7010 7019 7052 7061 7065 7088 0 0 0 0 0 0 
24 43 46 53 69 0 0 0 0 0 0 0 0 0 0 
1 22 42 43 45 58 65 68 75 7023 7026 7095 0 0 0 
15 18 88 91 94 95 0 0 0 0 0 0 0 0 0 
2 8 13 15 18 66 85 4015 4043 4077 0 0 0 0 0 
2 11 29 90 92 96 99 4083 0 0 0 0 0 0 0 
70 78 1016 1020 7025 7028 7051 7053 7064 0 0 0 0 0 0 
2 6 75 88 94 95 0 0 0 0 0 0 0 0 0 
76 1009 1012 1016 1055 1093 0 0 0 0 0 0 0 0 0 
43 45 69 89 1016 0 0 0 0 0 0 0 0 0 0 
2 6 94 4003 4032 0 0 0 0 0 0 0 0 0 0 
4040 33 96 99 1001 1005 1010 1098 4079 4088 0 0 0 0 0 
19 21 35 36 37 91 0 0 0 0 0 0 0 0 0 
21 36 76 0 0 0 0 0 0 0 0 0 0 0 0 
3 12 41 46 65 0 0 0 0 0 0 0 0 0 0 
31 62 91 0 0 0 0 0 0 0 0 0 0 0 0 
20 25 68 7055 0 0 0 0 0 0 0 0 0 0 0 
76 81 0 0 0 0 0 0 0 0 0 0 0 0 0 
31 59 4003 4019 0 0 0 0 0 0 0 0 0 0 0 
4020 38 1034 4031 4063 4079 4088 4094 0 0 0 0 0 0 0 
27 89 1041 1059 1095 7041 7081 0 0 0 0 0 0 0 0 
1 5 46 58 87 0 0 0 0 0 0 0 0 0 0 
18 28 48 67 1069 4023 4038 4043 0 0 0 0 0 0 0 
13 38 66 85 4023 4052 4063 0 0 0 0 0 0 0 0 
4 22 25 43 46 60 70 78 7067 0 0 0 0 0 0 
7 18 24 45 53 76 80 81 89 0 0 0 0 0 0 
9 20 25 50 68 78 98 7025 7051 7064 7075 0 0 0 0 
1016 1020 0 0 0 0 0 0 0 0 0 0 0 0 0 
1 5 19 24 73 0 0 0 0 0 0 0 0 0 0 
72 88 91 0 0 0 0 0 0 0 0 0 0 0 0 
7 18 28 33 97 0 0 0 0 0 0 0 0 0 0 
29 42 46 51 80 83 89 95 0 0 0 0 0 0 0 
36 52 57 61 69 79 1093 0 0 0 0 0 0 0 0 
89 1010 1012 1016 1022 1059 0 0 0 0 0 0 0 0 0 
9 43 50 68 70 89 1016 1059 1095 7028 7067 0 0 0 0 
43 76 87 1016 0 0 0 0 0 0 0 0 0 0 0 
2 18 69 75 95 97 0 0 0 0 0 0 0 0 0 
5 19 21 24 61 69 87 0 0 0 0 0 0 0 0 
1009 1046 1055 0 0 0 0 0 0 0 0 0 0 0 0 
22 27 30 75 86 7027 7095 7096 0 0 0 0 0 0 0 
6 17 34 93 4042 7094 0 0 0 0 0 0 0 0 0 
8 13 39 48 67 4052 4097 0 0 0 0 0 0 0 0 
9 25 30 83 7033 7091 0 0 0 0 0 0 0 0 0 
5 65 79 81 0 0 0 0 0 0 0 0 0 0 0 
6 12 32 42 47 51 73 94 95 0 0 0 0 0 0 
7 40 53 64 69 75 77 78 1016 0 0 0 0 0 0 
11 16 49 96 0 0 0 0 0 0 0 0 0 0 0 
18 19 35 47 56 59 73 0 0 0 0 0 0 0 0 
6 14 29 49 4008 4032 4064 0 0 0 0 0 0 0 0 
32 84 4086 0 0 0 0 0 0 0 0 0 0 0 0 
2 6 15 47 51 54 88 4077 0 0 0 0 0 0 0 
24 47 51 75 80 88 0 0 0 0 0 0 0 0 0 
27 40 49 55 90 99 1041 0 0 0 0 0 0 0 0 
18 74 80 0 0 0 0 0 0 0 0 0 0 0 0 
9 70 1020 1024 1059 7053 7064 0 0 0 0 0 0 0 0 
2 40 49 55 96 4083 0 0 0 0 0 0 0 0 0 


2 26 80 0 0 0 0 0 0 0 0 0 0 0 0 
46 50 76 0 0 0 0 0 0 0 0 0 0 0 0 
8000 6 34 55 8048 8065 8089 0 0 0 0 0 0 0 0 
89 3039 3054 3062 0 0 0 0 0 0 0 0 0 0 0 
28 46 47 53 68 82 98 2016 0 0 0 0 0 0 0 
7 14 81 84 2027 2088 8027 8089 0 0 0 0 0 0 0 
2 56 78 3016 2027 2068 2097 8010 8017 8024 8079 8089 8091 8093 0 
5 2069 8027 0 0 0 0 0 0 0 0 0 0 0 0 
11 32 42 86 3006 3092 0 0 0 0 0 0 0 0 0 
93 0 0 0 0 0 0 0 0 0 0 0 0 0 0 
55 67 8062 0 0 0 0 0 0 0 0 0 0 0 0 
8 21 44 64 0 0 0 0 0 0 0 0 0 0 0 
29 57 81 93 8001 0 0 0 0 0 0 0 0 0 0 
16 39 0 0 0 0 0 0 0 0 0 0 0 0 0 
5 2016 0 0 0 0 0 0 0 0 0 0 0 0 0 
43 77 97 3008 3013 3015 3031 3048 0 0 0 0 0 0 0 
13 27 39 59 62 75 80 96 8031 8046 0 0 0 0 0 
24 2065 2070 0 0 0 0 0 0 0 0 0 0 0 0 
22 57 69 8014 8057 8076 8095 8099 0 0 0 0 0 0 0 
3031 3062 0 0 0 0 0 0 0 0 0 0 0 0 0 
91 94 3063 2038 2039 0 0 0 0 0 0 0 0 0 0 
11 28 42 86 90 93 8096 0 0 0 0 0 0 0 0 
18 34 67 8004 8054 8097 0 0 0 0 0 0 0 0 0 
38 3066 3067 0 0 0 0 0 0 0 0 0 0 0 0 
17 36 40 79 83 88 2078 0 0 0 0 0 0 0 0 
40 71 83 3016 0 0 0 0 0 0 0 0 0 0 0 
8002 30 3016 8018 8046 8093 0 0 0 0 0 0 0 0 0 
16 42 85 96 8072 0 0 0 0 0 0 0 0 0 0 
4 21 89 0 0 0 0 0 0 0 0 0 0 0 0 
12 0 0 0 0 0 0 0 0 0 0 0 0 0 0 
26 39 42 78 8007 8013 8018 8076 8093 8096 0 0 0 0 0 
49 63 72 94 3063 0 0 0 0 0 0 0 0 0 0 
8 44 3002 3011 3054 3092 0 0 0 0 0 0 0 0 0 
47 82 92 93 0 0 0 0 0 0 0 0 0 0 0 
2 22 69 0 0 0 0 0 0 0 0 0 0 0 0 
46 70 0 0 0 0 0 0 0 0 0 0 0 0 0 
24 56 78 2016 2042 2078 0 0 0 0 0 0 0 0 0 
51 84 2016 0 0 0 0 0 0 0 0 0 0 0 0 
23 43 63 88 3002 3066 0 0 0 0 0 0 0 0 0 
13 16 30 80 90 8046 8075 8076 8096 0 0 0 0 0 0 
24 25 83 88 3055 2078 0 0 0 0 0 0 0 0 0 
46 0 0 0 0 0 0 0 0 0 0 0 0 0 0 
8 21 27 30 3034 3084 8031 8084 0 0 0 0 0 0 0 
15 38 52 72 3048 3066 0 0 0 0 0 0 0 0 0 
11 32 68 2016 0 0 0 0 0 0 0 0 0 0 0 
48 3016 2094 8023 8063 8080 0 0 0 0 0 0 0 0 0 
1 4 35 41 68 70 0 0 0 0 0 0 0 0 0 
4 33 82 93 99 0 0 0 0 0 0 0 0 0 0 
45 58 66 2022 8009 8032 8033 8049 8090 0 0 0 0 0 0 
31 63 72 0 0 0 0 0 0 0 0 0 0 0 0 
1 52 76 3038 0 0 0 0 0 0 0 0 0 0 0 
37 53 82 2016 0 0 0 0 0 0 0 0 0 0 0 
43 50 68 3013 3038 3067 3085 0 0 0 0 0 0 0 0 
4 51 76 82 0 0 0 0 0 0 0 0 0 0 0 
84 2064 0 0 0 0 0 0 0 0 0 0 0 0 0 
2 10 8010 8062 8079 0 0 0 0 0 0 0 0 0 0 
6 36 2027 2042 2046 2078 2097 8017 8060 8069 8073 0 0 0 0 
12 18 90 93 0 0 0 0 0 0 0 0 0 0 0 
48 65 8005 8023 8032 8039 8042 8049 0 0 0 0 0 0 0 
16 8036 0 0 0 0 0 0 0 0 0 0 0 0 0 
2046 2078 8041 8050 8055 8087 8091 0 0 0 0 0 0 0 0 
2023 2038 2039 0 0 0 0 0 0 0 0 0 0 0 0 
16 65 3016 3034 8002 8007 8028 8052 8058 8078 8088 0 0 0 0 
31 38 49 94 3063 3067 0 0 0 0 0 0 0 0 0 
11 3011 3014 3016 3034 3092 8007 8043 8044 8066 8084 0 0 0 0 
58 62 75 8005 0 0 0 0 0 0 0 0 0 0 0 
48 8020 8023 8038 8065 8069 8082 0 0 0 0 0 0 0 0 
10 22 8022 8051 0 0 0 0 0 0 0 0 0 0 0 
4 44 46 52 89 3039 0 0 0 0 0 0 0 0 0 
18 34 78 8000 0 0 0 0 0 0 0 0 0 0 0 
35 46 74 92 0 0 0 0 0 0 0 0 0 0 0 
25 3016 8017 8030 8080 8091 0 0 0 0 0 0 0 0 0 
31 43 49 0 0 0 0 0 0 0 0 0 0 0 0 
2069 8027 8048 0 0 0 0 0 0 0 0 0 0 0 0 
70 92 98 0 0 0 0 0 0 0 0 0 0 0 0 
16 65 8036 8059 0 0 0 0 0 0 0 0 0 0 0 
1 50 53 87 2016 0 0 0 0 0 0 0 0 0 0 
15 3015 3048 3094 0 0 0 0 0 0 0 0 0 0 0 
6 30 36 69 3016 2027 8001 8069 0 0 0 0 0 0 0 
24 83 3055 3063 0 0 0 0 0 0 0 0 0 0 0 
8016 16 39 8099 0 0 0 0 0 0 0 0 0 0 0 
5 12 82 0 0 0 0 0 0 0 0 0 0 0 0 
4 33 47 51 53 81 92 0 0 0 0 0 0 0 0 
24 25 40 79 3049 3099 0 0 0 0 0 0 0 0 0 
5 37 54 95 2016 2088 0 0 0 0 0 0 0 0 0 
27 86 8098 0 0 0 0 0 0 0 0 0 0 0 0 
8 21 85 3093 0 0 0 0 0 0 0 0 0 0 0 
76 91 2067 0 0 0 0 0 0 0 0 0 0 0 0 
24 38 40 3055 3063 0 0 0 0 0 0 0 0 0 0 
3 28 68 0 0 0 0 0 0 0 0 0 0 0 0 
21 39 57 8077 0 0 0 0 0 0 0 0 0 0 0 
20 87 3038 2023 2065 2067 0 0 0 0 0 0 0 0 0 
33 70 74 82 0 0 0 0 0 0 0 0 0 0 0 
9 12 21 33 47 57 0 0 0 0 0 0 0 0 0 
20 31 63 3063 2039 0 0 0 0 0 0 0 0 0 0 
84 2044 2065 2088 2099 0 0 0 0 0 0 0 0 0 0 
16 27 0 0 0 0 0 0 0 0 0 0 0 0 0 
15 3008 3031 3085 0 0 0 0 0 0 0 0 0 0 0 
4 74 0 0 0 0 0 0 0 0 0 0 0 0 0 
47 2016 0 0 0 0 0 0 0 0 0 0 0 0 0 


4 0 0 0 0 0 0 0 0 0 0 0 0 0 0 
29 59 60 62 89 92 1031 1049 0 0 0 0 0 0 0 
8 42 52 84 6032 6046 0 0 0 0 0 0 0 0 0 
54 75 96 7030 0 0 0 0 0 0 0 0 0 0 0 
6045 33 36 63 66 1063 1066 6093 0 0 0 0 0 0 0 
40 7022 7047 7074 0 0 0 0 0 0 0 0 0 0 0 
15 24 43 56 79 87 90 0 0 0 0 0 0 0 0 
39 47 75 7022 7038 7052 0 0 0 0 0 0 0 0 0 
2 56 79 93 0 0 0 0 0 0 0 0 0 0 0 
35 46 59 86 98 0 0 0 0 0 0 0 0 0 0 
48 80 6070 0 0 0 0 0 0 0 0 0 0 0 0 
19 20 36 65 78 93 6094 0 0 0 0 0 0 0 0 
22 49 80 85 98 7052 7088 0 0 0 0 0 0 0 0 
55 62 68 72 86 89 0 0 0 0 0 0 0 0 0 
58 99 0 0 0 0 0 0 0 0 0 0 0 0 0 
6 17 27 70 90 0 0 0 0 0 0 0 0 0 0 
22 38 69 6000 6045 6062 6086 6087 7001 7004 7046 0 0 0 0 
15 56 79 90 0 0 0 0 0 0 0 0 0 0 0 
24 60 62 65 68 73 77 94 0 0 0 0 0 0 0 
11 42 50 52 65 93 6032 6073 0 0 0 0 0 0 0 
11 33 65 1056 6094 0 0 0 0 0 0 0 0 0 0 
91 1059 1095 7005 7020 7064 7067 7075 7081 7093 0 0 0 0 0 
12 16 45 49 59 63 66 69 71 85 0 0 0 0 0 
58 0 0 0 0 0 0 0 0 0 0 0 0 0 0 
6 18 67 79 87 90 0 0 0 0 0 0 0 0 0 
28 37 53 54 55 64 0 0 0 0 0 0 0 0 0 
59 86 98 0 0 0 0 0 0 0 0 0 0 0 0 
15 72 87 0 0 0 0 0 0 0 0 0 0 0 0 
25 83 96 0 0 0 0 0 0 0 0 0 0 0 0 
1 60 61 73 77 1031 1086 0 0 0 0 0 0 0 0 
58 67 68 87 0 0 0 0 0 0 0 0 0 0 0 
34 55 68 0 0 0 0 0 0 0 0 0 0 0 0 
58 68 88 0 0 0 0 0 0 0 0 0 0 0 0 
4 20 36 6030 6094 6098 0 0 0 0 0 0 0 0 0 
31 46 51 89 91 1004 1015 0 0 0 0 0 0 0 0 
9 47 54 55 81 97 98 0 0 0 0 0 0 0 0 
4 11 33 50 6093 6094 0 0 0 0 0 0 0 0 0 
25 46 54 55 64 0 0 0 0 0 0 0 0 0 0 
16 6008 6049 6082 6087 7027 7065 0 0 0 0 0 0 0 0 
7 46 47 49 82 7005 7052 0 0 0 0 0 0 0 0 
5 46 64 0 0 0 0 0 0 0 0 0 0 0 0 
77 1036 1039 0 0 0 0 0 0 0 0 0 0 0 0 
2 19 48 57 62 79 90 0 0 0 0 0 0 0 0 
6 87 0 0 0 0 0 0 0 0 0 0 0 0 0 
53 55 68 83 99 0 0 0 0 0 0 0 0 0 0 
22 69 80 6017 6078 0 0 0 0 0 0 0 0 0 0 
9 34 37 39 40 55 64 89 91 7058 0 0 0 0 0 
7 35 39 54 75 98 7038 0 0 0 0 0 0 0 0 
10 42 62 63 86 0 0 0 0 0 0 0 0 0 0 
12 22 39 85 98 0 0 0 0 0 0 0 0 0 0 
19 36 63 65 92 6025 0 0 0 0 0 0 0 0 0 
34 64 7047 0 0 0 0 0 0 0 0 0 0 0 0 
2 19 63 84 6024 6032 0 0 0 0 0 0 0 0 0 
25 44 55 0 0 0 0 0 0 0 0 0 0 0 0 
3 25 35 37 47 55 0 0 0 0 0 0 0 0 0 
13 25 31 35 37 44 46 53 54 72 96 0 0 0 0 
6 8 17 79 0 0 0 0 0 0 0 0 0 0 0 
42 67 70 81 86 0 0 0 0 0 0 0 0 0 0 
14 23 30 32 68 99 0 0 0 0 0 0 0 0 0 
1 9 22 26 62 86 89 92 0 0 0 0 0 0 0 
1 18 29 73 89 1004 0 0 0 0 0 0 0 0 0 
29 73 1036 1076 0 0 0 0 0 0 0 0 0 0 0 
1 13 18 42 48 59 67 86 92 0 0 0 0 0 0 
4 22 48 50 52 66 92 0 0 0 0 0 0 0 0 
25 37 40 46 51 7047 0 0 0 0 0 0 0 0 0 
11 18 19 20 50 6073 6094 0 0 0 0 0 0 0 0 
4 22 63 6024 6061 0 0 0 0 0 0 0 0 0 0 
24 30 57 62 72 87 90 0 0 0 0 0 0 0 0 
13 18 30 31 32 44 58 99 1004 0 0 0 0 0 0 
16 22 45 6016 6017 6072 6087 7004 7008 7031 7088 0 0 0 0 
15 57 0 0 0 0 0 0 0 0 0 0 0 0 0 
22 85 0 0 0 0 0 0 0 0 0 0 0 0 0 
13 27 55 67 81 86 97 0 0 0 0 0 0 0 0 
18 29 60 61 77 1004 1036 1039 0 0 0 0 0 0 0 
1027 1054 0 0 0 0 0 0 0 0 0 0 0 0 0 
3 7 47 76 7030 0 0 0 0 0 0 0 0 0 0 
75 80 81 98 0 0 0 0 0 0 0 0 0 0 0 
18 29 41 73 95 1036 1086 0 0 0 0 0 0 0 0 
11 6028 6029 6032 0 0 0 0 0 0 0 0 0 0 0 
6 8 17 24 42 56 90 0 0 0 0 0 0 0 0 
10 12 45 76 98 0 0 0 0 0 0 0 0 0 0 
35 57 72 76 86 97 98 0 0 0 0 0 0 0 0 
39 1024 7005 7072 0 0 0 0 0 0 0 0 0 0 0 
28 44 0 0 0 0 0 0 0 0 0 0 0 0 0 
2 52 6013 6032 6070 0 0 0 0 0 0 0 0 0 0 
12 22 49 71 7052 7084 0 0 0 0 0 0 0 0 0 
9 13 26 48 57 59 62 72 81 0 0 0 0 0 0 
6 24 27 30 43 67 0 0 0 0 0 0 0 0 0 
32 94 1054 1057 0 0 0 0 0 0 0 0 0 0 0 
1 13 34 46 59 60 1004 1024 1076 0 0 0 0 0 0 
6 15 17 24 42 67 79 0 0 0 0 0 0 0 0 
21 34 46 7025 0 0 0 0 0 0 0 0 0 0 0 
1 50 59 62 63 1031 0 0 0 0 0 0 0 0 0 
8 11 19 6028 6032 0 0 0 0 0 0 0 0 0 0 
18 88 1039 0 0 0 0 0 0 0 0 0 0 0 0 
77 1045 1086 0 0 0 0 0 0 0 0 0 0 0 0 
3 28 55 97 0 0 0 0 0 0 0 0 0 0 0 
35 72 81 96 0 0 0 0 0 0 0 0 0 0 0 
9 12 26 35 47 49 76 80 81 7038 0 0 0 0 0 
14 44 58 68 0 0 0 0 0 0 0 0 0 0 0 


8 11 52 62 5016 0 0 0 0 0 0 0 0 0 0 
4 18 0 0 0 0 0 0 0 0 0 0 0 0 0 
11 18 41 68 8013 8016 8022 8075 8095 8097 8099 0 0 0 0 
25 98 0 0 0 0 0 0 0 0 0 0 0 0 0 
1 16 8005 8016 8065 0 0 0 0 0 0 0 0 0 0 
13 33 36 55 75 79 0 0 0 0 0 0 0 0 0 
88 89 8016 8059 8085 0 0 0 0 0 0 0 0 0 0 
2018 0 0 0 0 0 0 0 0 0 0 0 0 0 0 
8007 44 49 5038 8043 8046 8050 8069 8093 0 0 0 0 0 0 
16 23 26 36 48 53 8004 8022 8062 0 0 0 0 0 0 
11 16 21 35 41 62 80 8000 8020 8022 8027 8048 8056 8076 0 
8000 2 10 16 66 76 8010 8020 8069 8079 8093 0 0 0 0 
60 64 8075 0 0 0 0 0 0 0 0 0 0 0 0 
5 24 32 46 55 77 5084 0 0 0 0 0 0 0 0 
40 2018 0 0 0 0 0 0 0 0 0 0 0 0 0 
42 2028 2030 2046 2055 2068 0 0 0 0 0 0 0 0 0 
4 9 10 11 18 21 36 66 72 79 5069 8004 8056 8070 0 
5045 5069 8019 8042 8049 8064 8092 0 0 0 0 0 0 0 0 
1 2 16 21 22 41 8057 0 0 0 0 0 0 0 0 
33 43 77 0 0 0 0 0 0 0 0 0 0 0 0 
21 23 38 75 0 0 0 0 0 0 0 0 0 0 0 
10 16 18 20 80 8048 8056 0 0 0 0 0 0 0 0 
18 68 8053 8086 8095 8097 0 0 0 0 0 0 0 0 0 
9 20 92 0 0 0 0 0 0 0 0 0 0 0 0 
13 55 5052 5066 2022 0 0 0 0 0 0 0 0 0 0 
3 56 93 5050 2082 0 0 0 0 0 0 0 0 0 0 
9 0 0 0 0 0 0 0 0 0 0 0 0 0 0 
29 43 46 0 0 0 0 0 0 0 0 0 0 0 0 
46 5078 5093 0 0 0 0 0 0 0 0 0 0 0 0 
27 43 5078 0 0 0 0 0 0 0 0 0 0 0 0 
34 91 5033 2010 2024 2028 2035 2041 2059 0 0 0 0 0 0 
50 81 0 0 0 0 0 0 0 0 0 0 0 0 0 
13 5002 5019 5052 5078 5084 5093 0 0 0 0 0 0 0 0 
5 19 67 75 77 0 0 0 0 0 0 0 0 0 0 
30 37 42 55 69 93 95 2093 2096 0 0 0 0 0 0 
10 0 0 0 0 0 0 0 0 0 0 0 0 0 0 
5 9 16 54 92 8062 0 0 0 0 0 0 0 0 0 
34 47 95 2009 2018 2024 2035 2040 0 0 0 0 0 0 0 
20 71 83 2006 2069 2073 2089 0 0 0 0 0 0 0 0 
73 94 0 0 0 0 0 0 0 0 0 0 0 0 0 
14 57 2018 0 0 0 0 0 0 0 0 0 0 0 0 
2 10 18 65 8057 0 0 0 0 0 0 0 0 0 0 
15 34 97 0 0 0 0 0 0 0 0 0 0 0 0 
19 27 29 50 77 81 0 0 0 0 0 0 0 0 0 
8 2078 2094 8011 8026 8041 8066 8069 8071 8074 8091 0 0 0 0 
56 85 5004 5016 2094 8074 8087 0 0 0 0 0 0 0 0 
13 27 28 77 5002 0 0 0 0 0 0 0 0 0 0 
37 91 2040 0 0 0 0 0 0 0 0 0 0 0 0 
9 8004 8022 0 0 0 0 0 0 0 0 0 0 0 0 
8 5038 8031 8046 8058 8072 0 0 0 0 0 0 0 0 0 
31 43 69 74 0 0 0 0 0 0 0 0 0 0 0 
2059 0 0 0 0 0 0 0 0 0 0 0 0 0 0 
8000 64 76 8001 8046 8093 0 0 0 0 0 0 0 0 0 
9 8004 8062 0 0 0 0 0 0 0 0 0 0 0 0 
36 70 72 8062 0 0 0 0 0 0 0 0 0 0 0 
5 13 24 34 69 74 2089 2096 0 0 0 0 0 0 0 
25 45 85 2046 2055 0 0 0 0 0 0 0 0 0 0 
40 59 83 99 2018 0 0 0 0 0 0 0 0 0 0 
89 96 8085 0 0 0 0 0 0 0 0 0 0 0 0 
57 67 71 74 99 0 0 0 0 0 0 0 0 0 0 
12 76 8007 8072 8077 8098 0 0 0 0 0 0 0 0 0 
70 5066 2022 0 0 0 0 0 0 0 0 0 0 0 0 
8008 10 5016 2027 2068 8010 8013 8048 8056 8060 8093 0 0 0 0 
76 82 84 8007 8046 8059 8084 8098 0 0 0 0 0 0 0 
12 52 65 8075 8076 8077 0 0 0 0 0 0 0 0 0 
41 64 8076 0 0 0 0 0 0 0 0 0 0 0 0 
11 16 8002 8005 8025 8038 8070 0 0 0 0 0 0 0 0 
33 59 75 0 0 0 0 0 0 0 0 0 0 0 0 
2 22 89 8014 8018 8037 8075 8097 0 0 0 0 0 0 0 
34 50 55 74 91 2002 0 0 0 0 0 0 0 0 0 
54 61 78 90 5010 5084 0 0 0 0 0 0 0 0 0 
38 59 0 0 0 0 0 0 0 0 0 0 0 0 0 
16 54 78 5069 8032 8038 8042 0 0 0 0 0 0 0 0 
39 5019 5065 0 0 0 0 0 0 0 0 0 0 0 0 
50 55 59 69 77 0 0 0 0 0 0 0 0 0 0 
5 20 33 67 92 0 0 0 0 0 0 0 0 0 0 
11 52 60 63 8031 8076 8077 8083 0 0 0 0 0 0 0 
13 19 33 43 46 74 0 0 0 0 0 0 0 0 0 
70 72 5045 0 0 0 0 0 0 0 0 0 0 0 0 
5 16 2068 0 0 0 0 0 0 0 0 0 0 0 0 
10 21 0 0 0 0 0 0 0 0 0 0 0 0 0 
31 43 0 0 0 0 0 0 0 0 0 0 0 0 0 
63 87 88 5038 8018 8028 8043 8044 8059 8083 8084 8088 0 0 0 
38 57 2006 2018 0 0 0 0 0 0 0 0 0 0 0 
63 96 8006 8052 0 0 0 0 0 0 0 0 0 0 0 
45 56 8041 8045 8055 8074 8087 0 0 0 0 0 0 0 0 
98 5016 2055 2094 0 0 0 0 0 0 0 0 0 0 0 
82 5016 5038 5069 8025 8049 8058 8082 8088 0 0 0 0 0 0 
6 82 89 8038 8083 8085 0 0 0 0 0 0 0 0 0 
6 58 68 88 8083 0 0 0 0 0 0 0 0 0 0 
70 0 0 0 0 0 0 0 0 0 0 0 0 0 0 
30 47 69 2018 0 0 0 0 0 0 0 0 0 0 0 
23 36 75 0 0 0 0 0 0 0 0 0 0 0 0 
25 34 5004 5036 2009 2010 2035 2041 2066 2082 0 0 0 0 0 
39 5011 5020 5033 5036 5065 2002 2010 0 0 0 0 0 0 0 
34 37 2018 2020 2035 2040 2093 0 0 0 0 0 0 0 0 
58 84 8098 0 0 0 0 0 0 0 0 0 0 0 0 
42 2068 2069 2073 0 0 0 0 0 0 0 0 0 0 0 
3 86 5033 2010 0 0 0 0 0 0 0 0 0 0 0 
57 59 0 0 0 0 0 0 0 0 0 0 0 0 0 


33 75 0 0 0 0 0 0 0 0 0 0 0 0 0 
54 65 84 5016 3010 3016 8015 8026 8028 8030 8050 8058 8071 0 0 
8 11 34 61 62 90 92 8018 8038 8070 0 0 0 0 0 
13 90 92 8036 0 0 0 0 0 0 0 0 0 0 0 
6 16 46 70 89 5016 5069 3016 8000 8005 8025 8034 8067 8079 8093 
22 27 33 81 84 5021 5039 5082 3010 3025 3044 0 0 0 0 
4 71 8022 8056 0 0 0 0 0 0 0 0 0 0 0 
62 94 96 97 3030 3034 8006 8043 8052 8072 0 0 0 0 0 
2 65 70 88 5069 3044 8025 8038 8049 8059 0 0 0 0 0 
11 42 0 0 0 0 0 0 0 0 0 0 0 0 0 
22 33 69 85 3030 3044 0 0 0 0 0 0 0 0 0 
2 9 21 44 77 86 92 8004 8038 8042 8065 0 0 0 0 
43 44 8042 0 0 0 0 0 0 0 0 0 0 0 0 
3 69 77 87 90 8035 0 0 0 0 0 0 0 0 0 
3020 0 0 0 0 0 0 0 0 0 0 0 0 0 0 
32 8073 8076 0 0 0 0 0 0 0 0 0 0 0 0 
4 46 8000 8020 8048 0 0 0 0 0 0 0 0 0 0 
3016 8045 8050 8055 8074 0 0 0 0 0 0 0 0 0 0 
22 24 36 0 0 0 0 0 0 0 0 0 0 0 0 
22 29 38 52 69 87 3044 0 0 0 0 0 0 0 0 
51 58 67 5021 3020 0 0 0 0 0 0 0 0 0 0 
11 42 89 8004 8018 8095 0 0 0 0 0 0 0 0 0 
5 10 18 19 33 52 56 69 80 5005 5007 3020 3025 0 0 
26 50 3004 3046 0 0 0 0 0 0 0 0 0 0 0 
18 36 0 0 0 0 0 0 0 0 0 0 0 0 0 
72 5091 3050 3070 0 0 0 0 0 0 0 0 0 0 0 
23 75 95 3046 0 0 0 0 0 0 0 0 0 0 0 
5 81 98 5038 3034 3083 0 0 0 0 0 0 0 0 0 
75 3050 3078 0 0 0 0 0 0 0 0 0 0 0 0 
19 38 69 0 0 0 0 0 0 0 0 0 0 0 0 
74 83 5003 5075 0 0 0 0 0 0 0 0 0 0 0 
44 5069 8038 8070 0 0 0 0 0 0 0 0 0 0 0 
15 68 3016 8077 8093 0 0 0 0 0 0 0 0 0 0 
0 5 10 22 75 3025 3086 0 0 0 0 0 0 0 0 
2 57 60 62 66 76 79 85 8036 0 0 0 0 0 0 
81 84 98 0 0 0 0 0 0 0 0 0 0 0 0 
18 24 55 63 80 0 0 0 0 0 0 0 0 0 0 
64 0 0 0 0 0 0 0 0 0 0 0 0 0 0 
19 29 43 5007 5047 5098 0 0 0 0 0 0 0 0 0 
55 0 0 0 0 0 0 0 0 0 0 0 0 0 0 
98 8026 8063 8071 8080 0 0 0 0 0 0 0 0 0 0 
54 93 3027 3064 0 0 0 0 0 0 0 0 0 0 0 
9 21 57 79 8053 8095 0 0 0 0 0 0 0 0 0 
12 38 87 0 0 0 0 0 0 0 0 0 0 0 0 
11 12 31 77 88 0 0 0 0 0 0 0 0 0 0 
68 73 8014 8099 0 0 0 0 0 0 0 0 0 0 0 
4 16 5016 8010 8013 8027 8048 8056 8079 8093 0 0 0 0 0 
64 5005 5051 5064 0 0 0 0 0 0 0 0 0 0 0 
68 8075 8077 8096 0 0 0 0 0 0 0 0 0 0 0 
67 0 0 0 0 0 0 0 0 0 0 0 0 0 0 
23 0 0 0 0 0 0 0 0 0 0 0 0 0 0 
20 3050 3070 0 0 0 0 0 0 0 0 0 0 0 0 
19 22 5007 5012 5039 5085 3044 0 0 0 0 0 0 0 0 
3050 3098 0 0 0 0 0 0 0 0 0 0 0 0 0 
1 41 84 93 0 0 0 0 0 0 0 0 0 0 0 
36 39 3004 3060 0 0 0 0 0 0 0 0 0 0 0 
22 63 0 0 0 0 0 0 0 0 0 0 0 0 0 
34 42 79 92 0 0 0 0 0 0 0 0 0 0 0 
20 74 5046 0 0 0 0 0 0 0 0 0 0 0 0 
69 0 0 0 0 0 0 0 0 0 0 0 0 0 0 
34 8003 0 0 0 0 0 0 0 0 0 0 0 0 0 
2 88 3044 0 0 0 0 0 0 0 0 0 0 0 0 
2 7 34 66 68 70 79 85 97 8018 8031 0 0 0 0 
36 56 80 0 0 0 0 0 0 0 0 0 0 0 0 
37 47 5021 3050 3070 3098 0 0 0 0 0 0 0 0 0 
1 8 70 84 5038 3044 8019 8030 8032 8038 8050 8058 8063 0 0 
34 62 0 0 0 0 0 0 0 0 0 0 0 0 0 
20 49 5021 3068 3078 0 0 0 0 0 0 0 0 0 0 
32 45 48 62 82 94 99 8007 8031 8052 8072 8083 8096 8098 8099 
10 13 19 22 29 59 76 87 90 0 0 0 0 0 0 
4 8 62 65 3016 8025 8028 8044 8046 8066 8078 8084 8088 0 0 
6 8022 0 0 0 0 0 0 0 0 0 0 0 0 0 
25 81 5082 3009 0 0 0 0 0 0 0 0 0 0 0 
45 79 99 0 0 0 0 0 0 0 0 0 0 0 0 
30 58 5005 0 0 0 0 0 0 0 0 0 0 0 0 
0 26 28 33 81 91 5021 3009 3070 0 0 0 0 0 0 
34 69 78 0 0 0 0 0 0 0 0 0 0 0 0 
11 13 44 92 8035 0 0 0 0 0 0 0 0 0 0 
76 85 0 0 0 0 0 0 0 0 0 0 0 0 0 
34 42 57 62 73 99 0 0 0 0 0 0 0 0 0 
22 36 63 3020 0 0 0 0 0 0 0 0 0 0 0 
5 27 35 72 75 93 98 5021 3009 3027 3064 0 0 0 0 
68 89 8013 8075 0 0 0 0 0 0 0 0 0 0 0 
30 0 0 0 0 0 0 0 0 0 0 0 0 0 0 
1 5 35 54 65 98 5085 3010 0 0 0 0 0 0 0 
10 34 62 78 8059 0 0 0 0 0 0 0 0 0 0 
11 8062 8070 0 0 0 0 0 0 0 0 0 0 0 0 
13 19 43 69 88 0 0 0 0 0 0 0 0 0 0 
8 44 61 87 5012 5069 3044 8009 8019 0 0 0 0 0 0 
4 21 82 99 8016 8075 8095 8097 8099 0 0 0 0 0 0 
2 3 13 69 0 0 0 0 0 0 0 0 0 0 0 
75 95 3022 3027 3034 3086 0 0 0 0 0 0 0 0 0 
2 3 11 57 77 0 0 0 0 0 0 0 0 0 0 
41 54 81 98 5021 3009 0 0 0 0 0 0 0 0 0 
7 68 97 3084 8006 8031 8043 8046 0 0 0 0 0 0 0 
26 91 3046 3083 0 0 0 0 0 0 0 0 0 0 0 
7 3022 3030 3034 3083 0 0 0 0 0 0 0 0 0 0 
7 62 94 8031 8072 8083 8098 0 0 0 0 0 0 0 0 
27 35 40 81 84 93 0 0 0 0 0 0 0 0 0 
68 73 79 89 8018 8099 0 0 0 0 0 0 0 0 0 


20 68 69 76 78 81 7004 7016 6010 6011 6052 4002 4069 0 0 
13 96 6052 4012 4078 0 0 0 0 0 0 0 0 0 0 
5 20 24 32 38 39 67 90 93 6066 4026 4062 0 0 0 
7060 0 0 0 0 0 0 0 0 0 0 0 0 0 0 
65 7011 7021 6009 6016 6048 6053 4022 0 0 0 0 0 0 0 
2 33 42 79 7004 6004 6066 4058 4065 0 0 0 0 0 0 
31 98 7007 7094 6084 0 0 0 0 0 0 0 0 0 0 
31 44 68 72 88 7068 6008 6060 6063 4030 4062 4064 0 0 0 
89 6062 0 0 0 0 0 0 0 0 0 0 0 0 0 
23 32 38 39 49 92 7088 4048 0 0 0 0 0 0 0 
25 32 39 55 65 68 81 90 7046 6011 6062 4006 4055 0 0 
18 25 31 50 58 59 84 6044 0 0 0 0 0 0 0 
48 0 0 0 0 0 0 0 0 0 0 0 0 0 0 
1 68 73 7046 7082 6002 6062 4030 0 0 0 0 0 0 0 
75 7045 6068 4018 0 0 0 0 0 0 0 0 0 0 0 
28 30 33 34 39 55 7001 0 0 0 0 0 0 0 0 
70 7089 6002 6004 6006 4080 0 0 0 0 0 0 0 0 0 
24 30 34 67 73 94 4006 4056 4071 0 0 0 0 0 0 
11 25 46 76 78 83 7002 7021 7062 7099 6068 6082 4026 4030 0 
32 38 39 82 7065 7088 6017 0 0 0 0 0 0 0 0 
0 2 47 81 7016 6010 6011 4066 0 0 0 0 0 0 0 
22 27 0 0 0 0 0 0 0 0 0 0 0 0 0 
21 7006 7071 6002 6009 6010 6048 4067 0 0 0 0 0 0 0 
9 32 33 49 90 4045 4058 4066 0 0 0 0 0 0 0 
2 17 28 30 41 44 45 60 66 67 81 4006 0 0 0 
10 11 18 28 32 33 34 39 49 68 7004 7008 7070 6066 6087 
30 45 63 87 7001 7040 6044 0 0 0 0 0 0 0 0 
21 47 7046 6010 4005 4007 4073 0 0 0 0 0 0 0 0 
15 24 25 30 33 44 66 69 74 82 90 7001 7070 6082 4062 
0 0 0 0 0 0 0 0 0 0 0 0 0 0 0 
15 17 24 26 28 33 58 68 71 90 7001 7065 4071 0 0 
6 7 11 44 59 68 7062 7068 7094 7097 6049 6076 4016 4042 0 
2 9 10 19 23 25 33 7065 6072 4048 4058 0 0 0 0 
5 15 23 25 28 30 32 68 74 87 91 4048 0 0 0 
15 17 25 39 41 45 60 63 73 74 79 82 87 93 7004 
42 7013 7077 0 0 0 0 0 0 0 0 0 0 0 0 
7003 7034 4059 4075 0 0 0 0 0 0 0 0 0 0 0 
53 6068 0 0 0 0 0 0 0 0 0 0 0 0 0 
2 9 19 39 42 7002 7008 7011 7031 7065 6066 6072 6088 4066 0 
2 9 10 15 19 25 34 38 49 4058 0 0 0 0 0 
0 0 0 0 0 0 0 0 0 0 0 0 0 0 0 
24 34 60 63 80 6044 6085 4060 0 0 0 0 0 0 0 
5 35 38 62 64 92 7011 7012 6017 6072 4058 0 0 0 0 
68 83 7007 7094 6008 6082 4064 0 0 0 0 0 0 0 0 
7 24 28 31 46 52 63 78 7070 6082 4064 0 0 0 0 
24 26 34 50 60 71 74 7017 6085 0 0 0 0 0 0 
18 44 66 72 83 84 7070 7094 6008 6049 6052 6063 4016 4026 4039 
20 27 48 81 89 94 0 0 0 0 0 0 0 0 0 
12 47 89 7016 7046 6010 6021 6062 4002 4073 0 0 0 0 0 
9 23 25 39 82 7008 6017 6087 4048 4058 0 0 0 0 0 
11 45 55 69 74 84 87 91 7001 7017 7065 6008 4060 0 0 
4067 0 0 0 0 0 0 0 0 0 0 0 0 0 0 
44 66 83 7007 7068 6084 4062 0 0 0 0 0 0 0 0 
37 7042 6022 0 0 0 0 0 0 0 0 0 0 0 0 
4022 0 0 0 0 0 0 0 0 0 0 0 0 0 0 
10 15 50 58 60 81 82 7017 6085 4060 0 0 0 0 0 
79 7006 7046 6010 6016 6021 6062 0 0 0 0 0 0 0 0 
6018 6041 4018 0 0 0 0 0 0 0 0 0 0 0 0 
11 30 55 69 78 80 87 7001 7065 6049 6087 4062 0 0 0 
11 31 7008 7085 6006 6063 6082 4075 0 0 0 0 0 0 0 
24 34 41 45 55 73 93 6062 4056 0 0 0 0 0 0 
0 0 0 0 0 0 0 0 0 0 0 0 0 0 0 
42 70 7086 6009 6036 6053 6054 4010 4055 0 0 0 0 0 0 
26 34 41 44 66 68 69 71 7040 7065 4045 0 0 0 0 
42 6017 0 0 0 0 0 0 0 0 0 0 0 0 0 
4 10 79 7011 6004 4002 4066 0 0 0 0 0 0 0 0 
24 28 46 52 63 78 7070 6044 4064 0 0 0 0 0 0 
2 17 24 68 73 94 7004 0 0 0 0 0 0 0 0 
0 7 10 13 25 30 31 33 43 63 67 76 81 84 91 
0 28 50 58 63 79 80 6008 6011 6044 4056 4066 4078 0 0 
16 62 7002 7031 7086 6016 6066 0 0 0 0 0 0 0 0 
30 45 63 87 7001 7040 6044 0 0 0 0 0 0 0 0 
7 46 84 7007 7068 7097 6049 6060 4027 0 0 0 0 0 0 
13 17 34 60 67 91 94 7015 4056 0 0 0 0 0 0 
28 33 34 45 50 82 90 7017 6044 6045 6085 0 0 0 0 
14 96 99 7048 7082 7089 6002 6012 6064 6068 4039 0 0 0 0 
0 18 68 77 78 89 96 7015 6010 6064 6065 6076 4018 4030 4039 
76 7032 7048 6060 6064 6076 4090 0 0 0 0 0 0 0 0 
0 18 44 58 66 76 84 88 7070 4062 0 0 0 0 0 
5 34 56 65 69 7004 7046 6011 4006 4055 0 0 0 0 0 
41 58 69 7040 4045 4071 0 0 0 0 0 0 0 0 0 
0 10 20 24 47 55 68 93 0 0 0 0 0 0 0 
19 28 34 49 55 74 87 6087 4066 0 0 0 0 0 0 
18 43 46 52 7068 7097 6076 6082 6088 6089 0 0 0 0 0 
11 46 50 68 72 78 7070 6063 6082 4042 4064 0 0 0 0 
6006 6058 6088 0 0 0 0 0 0 0 0 0 0 0 0 
6022 0 0 0 0 0 0 0 0 0 0 0 0 0 0 
26 33 34 50 58 71 82 90 91 6045 6085 4060 0 0 0 
7 78 7070 6082 6087 4062 0 0 0 0 0 0 0 0 0 
8 47 48 76 4002 4005 4006 0 0 0 0 0 0 0 0 
2 10 23 28 30 74 87 4048 0 0 0 0 0 0 0 
33 50 68 73 87 94 6044 4006 4060 4071 0 0 0 0 0 
9 42 6017 0 0 0 0 0 0 0 0 0 0 0 0 
2 34 60 81 7004 7032 7046 6008 6011 6052 6062 4006 4026 4030 0 
17 47 67 73 91 0 0 0 0 0 0 0 0 0 0 
7021 7042 7089 6002 6022 4018 0 0 0 0 0 0 0 0 0 
1 75 76 7048 7068 4021 4030 4039 0 0 0 0 0 0 0 
7089 6002 6022 6068 4022 0 0 0 0 0 0 0 0 0 0 
6 7068 7097 6060 6063 6096 4085 0 0 0 0 0 0 0 0 
75 7045 7068 7089 7099 6002 4018 4080 0 0 0 0 0 0 0 


