10 10.0001 10 10 10 10 10 10 10 10.0001 10 10 10.0018 10 10.0001 10 10.0001 10 10 10 10 10 10 10 10 10 10 10 10 10 10 10 10 10 10 10 10 10 10 10 10 10.001 10 10 10 10 10 10 10 10 10 10 10 10 10 10 10 10 10 10 10 10 10 10 10 10 10 10 10 10 10 10 10 10 10.0129 10 10 10 10 10.0001 10 10 10 10 10 10 10 10 10 10 10 10 10 10.0005 10 10.0009 10 10 10.0001 10 
10.0007 10 10 10 10 10 10 10 10 10 10 10 10 10 10 10 10.0014 10 10 10 10 10 10 10.0002 10 10 10 10.0045 10 10 10 10 10 10 10 10 10 10 10 10.0001 10 10 10.0001 10 10 10 10.0001 10 10 10 10 10 10 10 10 10 10 10 10 10 10 10 10 10 10.0001 10 10 10.0001 10 10 10 10 10 10 10 10 10 10 10 10 10 10 10 10 10 10 10 10 10 10 10 10 10.0002 10 10.002 10 10 10.0031 10 10.0006 
10.0002 10 10 10 10 10 10 10 10 10 10 10 10.0001 10 10 10 10 10 10 10 10 10 10 10 10 10 10 10.0009 10.0012 10 10 10 10 10 10 10 10 10 10 10 10 10.0005 10 10 10 10 10 10 10 10 10 10 10 10 10 10.0007 10 10 10 10 10 10 10 10 10 10 10 10.0001 10 10 10.0001 10.0016 10 10 10 10 10 10 10.0179 10 10 10 10 10 10 10 10 10 10 10.0011 10 10 10 10 10 10 10 10 10 10 
10 10 10 10 10.0001 10 10 10.0014 10 10 10 10 10 10 10 10 10 10 10 10 10 10 10 10 10.0004 10 10 10 10.001 10 10 10 10 10 10 10 10 10 10 10 10.0001 10 10.0002 10 10 10 10.0001 10 10.0002 10 10 10 10 10 10.0001 10.0002 10.0034 10 10 10 10 10 10 10 10 10 10 10 10.0016 10.0001 10 10 10 10 10 10 10 10 10.0001 10 10 10 10 10 10 10 10 10 10 10 10 10 10 10 10 10 10 10 10 10 
10 10 10 10 10 10.0001 10 10.0007 10 10 10 10 10.0029 10 10 10 10 10 10 10 10 10.0001 10 10 10 10 10 10 10 10 10 10 10 10 10 10 10 10 10.0002 10.0001 10.0005 10 10 10 10 10 10 10 10 10 10 10 10 10 10.0011 10 10 10 10 10 10 10 10 10 10 10 10 10 10 10 10 10.0002 10 10 10 10.0005 10 10 10 10 10 10 10.0036 10 10 10.0194 10 10 10 10 10 10 10 10 10 10 10 10 10 10 
10 10.0018 10 10 10 10 10 10 10 10 10 10 10.0021 10 10 10.0001 10 10.0013 10 10 10 10 10 10 10 10 10.0001 10 10 10 10 10 10 10 10 10.0001 10 10 10 10 10 10 10 10 10 10 10 10 10.0009 10.0001 10 10 10 10.0001 10.0001 10 10 10 10 10 10 10 10 10 10.0048 10.003 10.0016 10 10 10 10 10 10 10 10 10 10.0057 10 10 10 10 10 10 10 10 10 10 10 10 10.0001 10 10 10 10 10 10 10 10 10 10 
10 10 10 10 10 10 10 10 10.0002 10 10 10 10 10 10 10 10 10 10.0003 10 10 10 10 10 10 10 10 10 10 10 10 10 10 10 10 10 10 10 10 10 10 10 10 10 10 10 10 10 10 10 10.0001 10 10 10 10.0019 10.0034 10.0003 10.003 10.0009 10.0313 10 10 10.0002 10.001 10 10 10 10 10.0017 10 10 10 10 10 10 10 10 10 10 10 10 10 10 10 10 10 10 10 10.0011 10 10 10 10 10 10 10 10.0029 10 10.002 10 
10 10 10 10 10 10 10 10 10 10 10 10 10 10 10 10 10 10 10.0008 10 10 10 10 10 10 10 10 10 10 10 10 10 10 10 10 10 10 10 10 10 10 10 10.0001 10 10 10 10 10.0009 10 10 10 10 10 10 10 10 10 10 10 10 10 10 10 10 10 10 10 10 10 10 10 10 10.0002 10 10 10 10 10 10 10 10 10 10 10 10 10.0001 10 10 10 10 10 10 10 10 10 10 10 10 10 10 
17.1202 26.0685 366.68 10.8323 102.188 11.3064 23.2945 12.7936 102.191 10.1709 42.0329 115.068 10.0843 14.4258 199.729 60.1685 10.3751 19.8396 10.9114 121.069 14.4825 47.7926 10.0437 20.3939 65.3733 230.834 10.9305 10.041 22.7487 10.0739 10.0055 10.0464 230.936 11.8034 10.0019 35.1601 10.7827 255.462 151.386 245.969 10.6244 243.52 20.9591 10.0057 57.2487 10.036 14.9406 143.39 147.044 73.1017 87.9442 10.0041 10.0008 10.0137 10.0922 11.3253 10.0034 51.0791 10.2734 26.9976 149.432 10.0117 10.0021 95.7582 10.2054 277.262 241.743 10.072 75.3442 67.9023 219.883 197.93 25.4785 11.0469 18.4948 19.883 10.7557 22.5159 78.5742 10.26 13.5921 10.844 17.0706 10.0004 10.0001 255.717 267.539 49.897 12.8624 10.0135 10.0467 21.8751 10.629 10.0001 276.931 10.2719 10.004 10.1029 12.7162 10.332 
177.885 10.1165 10.0248 10.2777 179.473 10.0033 12.0159 10.6424 10.2695 19.4757 86.3583 293.842 10.0002 10.0057 10.0048 411.939 175.528 10.3044 48.2322 10.6416 57.6216 374.154 10.0044 14.56 11.4259 37.4677 389.729 182.275 10.003 16.3318 328.039 12.9251 502.018 336.739 400.577 10.0068 12.2022 10.0001 10.2233 12.889 71.164 10.0038 46.273 216.002 10.0104 49.104 10.1678 10.0119 10.628 119.512 24.6533 17.4972 79.5093 14.3516 10.0476 13.116 10.1526 130.374 46.6967 89.2394 10.2142 10.0001 190.133 287.176 123.09 211.371 10.1203 12.6069 33.6991 10.0059 338.717 11.7572 10.0002 10.3271 41.2092 10.0002 10.2651 17.142 10.1064 16.1371 10.2069 276.179 10.0013 199.969 36.5937 10.343 270.57 88.1652 45.691 10.0245 10.188 277.613 25.7799 423.065 14.848 116.177 18.4664 100.043 333.14 20.651 
10.0001 10.006 10.7385 19.7055 10.0346 478.461 11.4452 10.0767 396.465 12.0499 25.8511 32.3356 12.0693 10.4781 10.017 11.0106 284.511 94.0819 10.0234 10.0073 27.1986 320.921 156.944 10.4187 121.606 11.1013 97.7303 10.1017 10.0012 11.5372 14.4466 10.0261 10.0004 10.0528 288.95 326.614 10.0553 10.0001 22.1623 14.1596 89.6166 10.0147 102.91 10.0709 324.093 114.31 19.7419 24.3927 10.8158 10.0029 25.3116 504.142 110.389 278.395 48.0336 397.146 276.649 350.753 10.2245 120.85 10.9248 137.293 197.568 85.4591 129.929 64.4633 10.041 10.9126 100.432 10.8058 10.0654 277.573 10.8348 34.293 374.6 10.0001 142.236 30.9154 10.0001 17.0058 10.0032 11.64 10.0021 10.0643 10.0008 10.006 435.347 40.1715 26.2684 35.0019 11.9712 18.3564 10.0034 10.761 508.158 19.4003 10.3174 375.178 21.3248 154.349 
10.0001 27.305 18.2745 13.6588 10.002 21.3374 10.0001 14.0207 10.2904 91.6314 10.8959 324.612 10.0163 10.0291 56.7009 10.2655 10.0617 10.1309 10.0649 69.9808 10.0044 28.0428 224.398 18.2217 46.598 10.0255 10.0001 10.3629 10.1655 413.082 11.4829 10.0028 25.6924 10.0185 306.914 19.7975 26.2126 10.3722 10.0004 11.1048 224.13 14.3349 10.0727 447.491 402.912 10.6789 87.1205 297.196 124.797 53.1009 177.559 176.662 26.6818 213.968 15.4086 17.4219 320.191 485.283 10.2246 11.9157 363.558 10.0001 10.0012 11.9453 147.304 269.021 10.3033 96.0243 10.6616 76.342 31.1351 182.634 44.2834 19.6132 10.0362 287.288 126.039 77.8667 11.1718 10.0017 10.0041 10.819 11.7819 10.0012 10.0805 10.0073 10.0006 10.0062 248.318 202.583 10.011 193.231 351.921 16.5109 18.7358 10.0885 37.3228 10.0049 109.79 10.1213 
36.7775 10.0706 10.0017 113.743 10.0033 132.68 19.523 10.0855 358.155 10.1151 10.5259 21.1294 10.0149 54.5807 10.983 10.4305 501.849 418.79 10.1213 15.3476 43.1758 10.1291 398.094 158.179 16.4723 461.401 10.0012 261.62 13.7557 10.2251 299.488 10.0459 12.5946 39.0773 12.5992 182.35 53.7752 505.472 283.674 33.3899 10.0002 11.8792 105.646 200.144 316.577 11.7888 10.0198 20.1262 10.0588 329.558 345.693 10.011 381.745 109.501 276.743 10.0009 11.7166 87.6601 10.0061 87.457 305.351 12.9589 357.342 15.3252 37.5122 32.7957 15.7306 376.669 114.44 252.251 10.0012 10.1002 230.913 359.519 10.305 48.4431 10.0003 11.8232 10.0208 444.866 155.341 22.7624 162.764 400.902 10.039 225.579 16.9094 170.216 10.7145 48.611 149.056 10.0131 40.5432 10.1427 10.6186 39.8437 203.672 114.388 89.3903 245.401 
65.1422 10.0018 11.5069 10.1289 20.6945 11.0164 154.982 13.2732 36.754 103.956 348.172 10.0011 25.0171 14.0905 10.0002 11.5377 30.9457 51.3749 172.651 35.688 495.644 18.704 379.226 11.0097 276.324 10.0013 10.0274 37.5861 163.59 487.098 12.0054 152.302 413.011 13.0291 36.6375 11.0891 10.8894 10.0323 164.162 14.9199 308.438 10.2927 190.905 117.494 299.395 10.1793 10.0001 10.0029 10.0003 12.1239 413.359 29.9523 10.2466 10.0125 10.1364 10.0362 58.9248 24.8928 33.1402 10.0039 224.973 10.0001 10.1347 50.7297 314.869 79.8082 12.9188 10.1522 210.118 36.69 10.0129 10.0028 10.0589 10.7804 65.5625 10.4303 10.0009 182.426 10.4255 10.0675 10.0856 11.015 258.474 10.0612 10.3206 85.0242 378.172 15.0513 415.742 44.434 233.154 206.052 10.0046 496.876 428.017 14.7995 80.534 10.0125 66.2956 251.48 
10.1743 63.553 10.3141 10.0203 278.031 239.976 217.09 38.0359 187.296 55.5929 48.47 13.7417 10.0001 10.0598 315.661 10.5303 113.689 10.1979 10.0001 84.6707 353.29 10.0096 10.9647 83.6049 333.03 153.546 13.0112 498.3 10.0001 10.0463 10.2156 10.0365 10.1406 414.752 10.5588 13.7901 126.457 191.671 398.912 10.3128 15.9115 254.52 10.0317 378.893 94.0099 11.3643 19.6296 33.7093 10.6976 10.0002 149.586 10.0328 295.151 19.2224 101.946 10.0002 10.0135 16.3243 10.0172 10.0001 32.122 42.3091 10.0378 10.7578 131.82 67.1429 12.5769 55.1731 10.0019 11.5009 193.106 16.1715 10.0001 453.431 50.0201 10.2597 10.1227 10.0078 19.6482 157.653 26.0131 284.228 154.623 14.3372 10.1879 11.2804 287.136 33.7341 10.0293 94.4355 10.0045 14.5724 56.1574 160.248 342.936 10.1649 10.0615 80.4313 272.721 10.0193 
11.0022 10.0025 10.7009 12.7921 149.028 10.0721 10.0493 258.508 10.0016 10.0757 15.0278 10.0064 312.695 31.3879 10.0001 11.7362 10.0122 10.0018 478.278 328.42 10.3677 10.0361 10.0125 10.004 464.372 14.8984 110.043 10.0001 10.0001 410.998 17.5431 345.654 27.8528 10.0528 10.0004 10.5172 52.713 10.0006 10.0041 47.4811 10.0004 32.7142 204.007 10.0469 10.001 29.4812 230.181 16.2034 10.3383 65.0853 166.084 10.0236 24.5384 295.929 17.3658 61.5224 403.045 49.2225 10.0071 10.8252 71.098 10.0017 10.6445 80.4323 62.0392 201.582 10.8064 45.6715 12.0868 10.0012 10.0005 198.408 281.713 10.4203 22.9929 11.0096 26.368 10.0001 15.3399 10.0001 10.0001 15.0925 10.0279 10.0001 32.7094 145.287 22.1122 167.997 13.0325 10.4906 10.1441 10.0053 10.0001 10.0004 10.0004 19.0262 12.1262 10.0828 10.0043 11.2249 
330.061 299.358 383.427 516.829 217.172 87.2285 346.362 40.0275 10.6712 342.307 16.9276 336.463 276.019 11.2112 10.2156 154.823 14.635 372.459 248.282 108.855 408.722 17.8423 17.0069 291.307 119.63 85.9344 499.834 173.157 444.718 15.9984 210.483 448.586 24.1034 330.078 145.885 81.4029 10.1499 15.9087 363.731 494.398 345.649 317.262 24.5185 18.4252 79.0869 175.401 37.6292 41.9491 20.8113 144.789 359.419 432.753 127.724 14.2579 425.049 49.874 515.356 379.578 10.9167 320.176 11.1983 350.535 62.1667 25.0146 257.35 58.4507 215.244 238.413 361.263 108.002 158.288 10.7778 11.7161 53.5827 38.9399 176.737 48.6869 159.826 386.873 378.037 460.128 455.272 210.399 319.924 33.3828 19.4042 11.2716 373.912 415.756 236.957 28.502 83.2762 78.4582 30.5564 11.0454 421.022 68.6433 185.739 320.87 271.929 
230.966 10.7036 485.366 14.3222 137.768 10.1302 130.012 11.9909 99.7982 353.354 10.6027 10.9982 239.302 476.463 18.1663 123.116 20.7023 507.918 281.952 340.726 389.798 12.1283 57.0961 501.695 395.333 189.155 482.532 15.4059 111.48 35.8749 79.8421 24.9149 330.919 391.756 244.632 172.479 331.045 232.676 219.728 35.7284 36.688 149.927 22.2619 239.707 85.5961 26.198 11.978 51.9115 357.235 10.0933 144.686 387.477 234.776 403.084 384.276 40.8683 224.121 362.618 13.3363 272.569 152.295 201.471 231.158 68.2882 88.0099 419.842 346.623 248.795 10.3748 12.7779 103.398 20.7805 274.859 385.973 10.6902 28.0415 10.2335 10.0984 72.012 11.0629 10.1242 10.9346 11.6005 30.861 330.556 397.658 11.8382 496.288 10.6496 35.6581 19.3153 262.329 437.22 413.977 125.722 108.834 29.8173 20.4035 278.913 483.8 
392.626 169.511 10.0202 237.085 381.392 11.3609 34.0636 334.357 13.3988 93.5834 178.124 12.2666 385.286 498.807 10.2372 22.9743 13.3473 38.9251 39.3375 464.184 264.101 10.843 275.978 126.345 10.1116 185.48 356.03 29.0178 407.202 12.3597 35.8391 13.2048 196.636 10.8215 119.928 211.561 15.1604 461.755 75.8439 50.0086 346.457 219.109 117.242 31.454 431.546 10.0075 25.3461 143.326 10.2862 14.2512 10.1468 28.2564 279.971 113.939 90.1516 14.3218 13.702 11.3079 125.302 301.793 81.6281 22.4111 288.736 300.055 215.404 131.052 38.6854 10.0431 336.976 10.2142 87.626 10.1038 226.039 15.3685 23.7656 75.6258 154.309 296.271 44.6049 418.556 286.538 156.377 331.078 253.328 11.2382 10.1092 171.95 31.2312 488.981 10.0759 76.2003 10.1221 279.581 443.675 390.495 11.379 148.169 214.953 11.7631 10.5077 
341.745 10.9905 77.3944 133.889 20.4626 436.749 152.639 10.4309 157.801 14.9865 21.635 52.9588 146.252 10.2925 115.365 14.0053 53.7346 294.48 164.414 142.188 10.0991 381.387 322.887 234.058 514.159 218.056 278.496 240.189 11.3946 111.373 429.501 395.085 10.4233 130.54 16.9248 491.602 16.1656 153.176 41.6972 118.322 11.888 46.6543 10.1641 342.475 309.958 416.821 417.385 12.6358 510.173 162.661 17.221 77.5979 10.032 515.427 10.0586 26.7384 238.305 10.4303 189.027 18.0708 300.406 437.715 264.578 10.1089 28.5038 79.3009 278.077 50.3038 412.741 486.832 18.6758 55.2408 485.9 67.0368 21.724 112.874 323.378 407.54 450.672 324.277 138.095 18.9739 10.1784 69.8843 30.753 331.351 414.821 15.9202 10.0419 358.024 368.253 206.746 91.087 327.244 10.7575 11.6675 255.577 400.469 169.651 10.6305 
69.4943 10.3647 164.759 385.149 10.2558 312.894 10.8528 42.691 10.4094 10.6055 57.956 230.77 294.62 57.42 445.631 223.816 201.163 102.921 19.5028 92.564 127.423 282.629 289.859 38.1093 136.781 143.103 128.767 326.112 361.193 252.922 114.263 26.7966 12.7365 140.591 12.1636 351.828 102.251 56.6437 398.89 10.0471 15.3092 357.817 93.6375 415.012 440.924 36.6149 104.888 416.803 10.2431 93.342 11.5086 466.526 68.6264 92.3444 406.012 10.647 307.742 10.0074 46.1082 277.178 12.8044 101.067 290.623 477.874 282.347 10.6247 12.482 10.0672 483.155 39.5339 427.095 165.298 13.839 12.2974 18.927 10.412 476.692 13.7967 295.458 10.295 10.1564 266.716 10.7016 165.976 16.3429 182.358 279.012 22.7648 28.0132 323.845 21.6817 300.854 20.9486 461.465 270.458 257.49 516.437 15.0478 10.1124 366.53 
10.7687 307.371 106.335 22.0036 130.419 14.3556 34.3179 23.95 10.0198 10.1079 16.6498 138.075 96.1483 168.262 324.435 489.631 454.105 264.424 365.076 109.462 11.2739 357.021 339.735 150.741 16.1852 235.884 285.337 125.098 149.148 289.697 82.6971 378.211 307.09 17.209 341.787 15.0647 19.6319 17.5511 323.79 414.097 128.319 10.0897 50.4943 506.255 53.1835 124.323 10.2323 252.512 371.189 34.7332 107.163 96.9462 360.117 34.6274 338.326 10.1379 334.586 440.682 491.141 48.448 497.858 11.0058 388.683 10.1345 446.418 117.993 16.7094 509.605 271.715 125.756 92.9712 339.948 315.399 11.281 406.597 10.8146 14.8931 10.7082 304.241 22.9674 11.9438 10.4973 95.492 10.5898 34.4509 10.3527 46.8505 236.618 338.565 131.232 17.5689 138.014 302.002 149.32 57.4206 91.1085 10.3552 247.306 94.2034 23.5184 
388.283 24.2758 55.7273 35.3882 502.52 173.642 341.922 466.057 10.7194 152.98 385.921 137.227 10.0386 223.868 153.388 416.625 186.666 11.7901 22.8721 10.0479 11.7647 256.215 41.5119 11.1416 302.127 311.401 10.7054 121.123 11.3425 311.401 11.0188 31.1383 423.107 91.4944 30.022 487.354 10.4091 219.167 174.659 330.707 19.5116 400.451 263.698 40.8884 433.756 10.0783 55.3895 384.734 425.47 12.8633 47.6001 10.1546 20.9862 245.44 167.293 25.0936 19.5942 308.255 307.862 27.2097 39.8279 91.0748 279.302 10.9512 11.5697 106.776 272.583 180.568 427.308 12.8066 334.757 258.683 53.8182 318.503 14.6473 399.739 96.726 98.6618 507.037 10.3438 472.404 117.715 10.0837 10.187 136.143 273.999 449.909 14.8705 390.46 94.0153 151.463 12.2415 31.5559 11.5116 412.698 204.939 138.439 506.415 81.8171 174.389 
179.239 419.967 122.053 190.695 109.879 397.089 437.501 10.187 100.92 383.244 10.11 14.9062 505.7 13.5542 37.8642 39.8595 284.766 126.977 348.595 91.0774 31.3792 392.112 91.059 326.127 11.6623 386.736 56.226 169.803 10.43 175.745 273.863 287.289 406.647 365.431 418.342 124.155 505.074 229.945 404.562 362.138 347.562 21.75 502.732 10.4137 210.118 13.5656 171.086 12.2748 26.8459 65.4036 252.632 123.23 19.1351 354.202 137.956 22.6862 304.549 368.435 230.166 211.701 160.347 50.2929 50.6812 120.651 214.257 269.468 439.04 266.926 338.216 196.893 295.861 10.7854 447.561 10.0262 11.1635 11.4484 362.281 484.491 320.065 12.8009 456.961 157.685 37.3512 10.0229 49.6042 32.2003 135.335 313.527 392.95 189.023 369.577 244.142 131.232 490.728 51.3011 17.7446 187.083 364.425 54.6007 17.4431 
10 10 10.0623 12.462 10 10 10 10 10.0026 10 10 10 10 10 10.0004 10 10.0001 10.0002 10 10.0241 10 10 10.0004 10.1216 10.0209 10 10 10 10 10 10.0135 10 10.0004 10.0022 10.0212 10 10.0175 10.0002 10.1392 10 10.0023 10 10 10.0059 10 10 10.0002 10.0056 10 10.8623 10 10 10 10 10.0021 10 10 10.2892 10.0107 10 10.0004 10 10.1863 11.0307 10.0583 10 10 10 10 10 10.0132 10 10.0042 10.3502 10 10 10 10 10.0011 10 10 10.009 10.0206 10.0002 10.0007 10.0004 18.7139 10.0279 10 10 10.0009 10 10.077 10 10 10 10.2135 10 10.7161 10.0009 
10 10 10 10 10 10.0009 10 10 10.0005 10 10.0001 10 10 23.4033 10 10 10 10 10 10 10.0009 10 10.0003 10.0894 10.0091 10 10.1059 10.1482 10 10.0006 10.0004 10.0393 10.0037 10 10 10 10 10 10.0354 10 10 10 10.009 10 10 10.0006 10 10.0206 10 10 10 10 10.0002 10 10.0081 10.0001 10.0069 10.0407 10 10.0031 10 10 10.2836 10.001 10 10 10 10 10 10.0183 10 10 10 13.2971 13.7809 10 10.0179 10 10.0118 10 10 10.4643 10 10 10 10.0049 10 10 10 10.0001 10 10.0125 10 10.0171 10.0002 10 10.0025 10 10 10 
10 10 10 10 26.875 10 10 10.0006 10 22.6263 10.0001 10 11.1821 10 10 22.7624 10 10 10 10 10 10.0929 10 10.0046 10.0039 10 15.5603 10 10.0033 10.0001 10 10 10 10.0001 10 10 10.0006 10 10 10.0017 10.0218 10 11.1469 10 10.0024 10 10 10.0001 10.0633 10.0005 10.0016 10 10 10 10 10.0001 10.0361 10 10.0927 10 10 10.1265 10.0099 10.0552 10 10.3207 10 10 10 10.001 10 10 10 10 10.0155 10 40.5072 10.0041 10.0282 10 10 10.0005 10 10 10.0017 10.0007 10.0004 10 10 10.0002 10 10 10 10 10 10 10.0003 10 10 17.1838 
10 10 10 13.1174 10.0018 10 10 10.0001 41.4275 10.0024 10 19.6766 10 10 10 10.4676 10 10 10 10.0068 10.0005 10 10.0051 10.0007 10 10 10.0002 10 10.0008 10 10 10 10 10.0012 12.7739 12.0313 10.0003 10 10.0021 10 10 10 10.0602 10 10.005 10 10 12.2761 10 10.0069 10 10 10.3951 10 10.0016 10 10 10.0268 10.0009 10 10 10 10 10.0001 10 10 10 10 10 10.0085 10 10 10.0575 10 10 10 10 10.0001 10 10.0009 10 10 10.0023 10.0001 10 10 13.5636 10 10.0227 10.3766 10.0002 10 10.0012 13.8067 10 10 10 10 10.0005 10 
10 10 15.134 10 10 10 14.9819 10 10.3004 10 14.1079 10.0773 12.248 10 10 10 10.2887 10 10 10 12.5319 10 10 10.0002 10.0002 11.7552 10.2351 10 10.0321 10.0001 10.012 10 10 10.2874 10 10 10.0118 10.0667 10.0001 10.0003 10.0009 16.4524 10 10.0124 10.0082 10 10.0015 10.007 17.8082 10 10.0002 10 10 10.0002 10 10 14.7173 10 10.0097 10.0002 10.0002 10 16.3359 10 10 10 10 11.9192 10 10.0054 10 10 10.0652 10 10.0007 10 13.7905 10 10.0014 10 10.2046 10 10 10 10 10.0003 26.6782 10.0023 10 10 10.2765 13.7329 10.0061 48.6975 10 10.0202 10.0054 10.0001 33.9689 10 
10 10 10 10.0016 10 10.0064 10.0001 10 10 10 10.0062 10.0081 10 10.0003 10 10 10 10.0118 10.0018 10 10 10 10 10.3689 10.0001 10 10 10 10 10 10 10 10 10.0156 10 10.0004 10 10 10 20.1214 10 10.0128 10.0002 10 10 10.0079 10 10 13.6467 10.0147 10.0017 10.0001 10 10.0018 10 13.3223 10 10.0001 10 10.009 10.0034 10 10.4151 10 10 13.6808 10 10 10 29.6742 10 10.4872 10.0001 10 10 10.0588 10 10 10 10 10.0244 10.0003 10 10 10 10 10.593 12.0728 10.0048 10 10 10 10.0025 10.6857 10 10 10.0103 10 10.0002 10 
10 10 10.0011 10.0026 10 10 10.0006 30.6878 10.0247 10 10 10 10 10 10 10 43.6599 10 10 10 10 10 10 10.0003 10.0049 10 10 10 10 10.5306 14.8493 10 10 12.2748 10.0003 10 10.1071 10 11.5039 10.0023 10.0081 10 10.0071 10 13.3158 10 10 10 10 10.0696 10.0001 10.0003 10 10 10.049 10 10.0008 10.0166 10.3072 10.0235 10 10 10.0004 10 10 10.0773 10.0006 10.006 10.6035 10.0008 10.0009 10 10 10 22.5777 10 10.0019 13.4642 10 10 10 10 10 10 10 10 10 10 20.4514 10 10 10.0002 10 10 10 10 10.009 10 10.242 10.187 
10.0003 10 10 10.0004 10.0351 10.0776 10 10 10 10.0458 10 10 15.91 10 10.1422 10 10.2727 10 10 13.9247 10.0008 10.3323 10.0101 16.3558 10 10 10.0158 10 10 48.8628 10.16 29.6359 10 10 10.6887 10.3596 10 10 10.0125 10.8313 10.0002 10 10.0008 21.3986 10 10.0076 10 10 10 38.3176 11.7837 10 10.0513 18.2449 10 23.8248 10.0029 10 10 10 10 11.4246 45.377 10 10 10 10.0069 10 10.0007 10.0004 10 10 10 10 10 10.052 10 10.0831 10.0252 11.9287 10 10.6763 10.014 18.1117 10.0002 10.0004 10.5174 10.0684 10.0017 11.4154 10 10 10 10 10.0014 10.0001 10.0002 10 10.0151 15.6517 
10 10 10 10 10 10 10 10 10 10 10 10 10 10 10 10 10 10 10 10 10 10 10 10 10 10 10 10 10 10 10 10 10 10 10 10 10 10 10 10 10 10 10 10 10 10 10 10 10 10 10 10 10 10 10 10 10 10 10 10 10 10 10 10 10 10 10 10 10 10 10 10 10 10 10 10 10 10 10 10 10 10 10 10 10 10 10 10 10 10 10 10 10 10 10 10 10 10 10 10 
10 10 10 10 10 10 10 10 10 10 10 10 10 10 10 10 10 10 10 10 10 10 10 10 10 10 10 10 10 10 10 10 10 10 10 10 10 10 10 10 10 10 10 10 10 10 10 10 10 10 10 10 10 10 10 10 10 10 10 10 10 10 10 10 10 10 10 10 10 10 10 10 10 10 10 10 10 10 10 10 10 10 10 10 10 10 10 10 10 10 10 10 10 10 10 10 10 10 10 10 
10 10 10 10 10 10 10 10 10 10 10 10 10 10 10 10 10 10 10 10 10 10 10 10 10 10 10 10 10 10 10 10 10 10 10 10 10 10 10 10 10 10 10 10 10 10 10 10 10 10 10 10 10 10 10 10 10 10 10 10 10 10 10 10 10 10 10 10 10 10 10 10 10 10 10 10 10 10 10 10 10 10 10 10 10 10 10 10 10 10 10 10 10 10 10 10 10 10 10 10 
10 10 10 10 10 10 10 10 10 10 10 10 10 10 10 10 10 10 10 10 10 10 10 10 10 10 10 10 10 10 10 10 10 10 10 10 10 10 10 10 10 10 10 10 10 10 10 10 10 10 10 10 10 10 10 10 10 10 10 10 10 10 10 10 10 10 10 10 10 10 10 10 10 10 10 10 10 10 10 10 10 10 10 10 10 10 10 10 10 10 10 10 10 10 10 10 10 10 10 10 
10 10 10 10 10 10 10 10 10 10 10 10 10 10 10 10 10 10 10 10 10 10 10 10 10 10 10 10 10 10 10 10 10 10 10 10 10 10 10 10 10 10 10 10 10 10 10 10 10 10 10 10 10 10 10 10 10 10 10 10 10 10 10 10 10 10 10 10 10 10 10 10 10 10 10 10 10 10 10 10 10 10 10 10 10 10 10 10 10 10 10 10 10 10 10 10 10 10 10 10 
10 10 10 10 10 10 10 10 10 10 10 10 10 10 10 10 10 10 10 10 10 10 10 10 10 10 10 10 10 10 10 10 10 10 10 10 10 10 10 10 10 10 10 10 10 10 10 10 10 10 10 10 10 10 10 10 10 10 10 10 10 10 10 10 10 10 10 10 10 10 10 10 10 10 10 10 10 10 10 10 10 10 10 10 10 10 10 10 10 10 10 10 10 10 10 10 10 10 10 10 
10 10 10 10 10 10 10 10 10 10 10 10 10 10 10 10 10 10 10 10 10 10 10 10 10 10 10 10 10 10 10 10 10 10 10 10 10 10 10 10 10 10 10 10 10 10 10 10 10 10 10 10 10 10 10 10 10 10 10 10 10 10 10 10 10 10 10 10 10 10 10 10 10 10 10 10 10 10 10 10 10 10 10 10 10 10 10 10 10 10 10 10 10 10 10 10 10 10 10 10 
10 10 10 10 10 10 10 10 10 10 10 10 10 10 10 10 10 10 10 10 10 10 10 10 10 10 10 10 10 10 10 10 10 10 10 10 10 10 10 10 10 10 10 10 10 10 10 10 10 10 10 10 10 10 10 10 10 10 10 10 10 10 10 10 10 10 10 10 10 10 10 10 10 10 10 10 10 10 10 10 10 10 10 10 10 10 10 10 10 10 10 10 10 10 10 10 10 10 10 10 
10 10 10 10 10 10 10 10 10 10 10 10 10 10 10 10 10 10 10 10 10 10 10 10 10 10 10 10 10 10 10 10 10 10 10 10 10 10 10 10 10 10 10 10 10 10 10 10 10 10 10 10 10 10 10 10 10 10 10 10 10 10 10 10 10 10 10 10 10 10 10 10 10 10 10 10 10 10 10 10 10 10 10 10 10 10 10 10 10 10 10 10 10 10 10 10 10 10 10 10 
10 10 10 10 10 10 10 10 10 10 10 10 10 10 10 10 10 10 10 10 10 10 10 10 10 10 10 10 10 10 10 10 10 10 10 10 10 10 10 10 10 10 10 10 10 10 10 10 10 10 10 10 10 10 10 10 10 10 10 10 10 10 10 10 10 10 10 10 10 10 10 10 10 10 10 10 10 10 10 10 10 10 10 10 10 10 10 10 10 10 10 10 10 10 10 10 10 10 10 10 
10 10 10 10 10 10 10 10 10 10 10 10 10 10 10 10 10 10 10 10 10 10 10 10 10 10 10 10 10 10 10 10 10 10 10 10 10 10 10 10 10 10 10 10 10 10 10 10 10 10 10 10 10 10 10 10 10 10 10 10 10 10 10 10 10 10 10 10 10 10 10 10 10 10 10 10 10 10 10 10 10 10 10 10 10 10 10 10 10 10 10 10 10 10 10 10 10 10 10 10 
10 10 10 10 10 10 10 10 10 10 10 10 10 10 10 10 10 10 10 10 10 10 10 10 10 10 10 10 10 10 10 10 10 10 10 10 10 10 10 10 10 10 10 10 10 10 10 10 10 10 10 10 10 10 10 10 10 10 10 10 10 10 10 10 10 10 10 10 10 10 10 10 10 10 10 10 10 10 10 10 10 10 10 10 10 10 10 10 10 10 10 10 10 10 10 10 10 10 10 10 
10 10 10 10 10 10 10 10 10 10 10 10 10 10 10 10 10 10 10 10 10 10 10 10 10 10 10 10 10 10 10 10 10 10 10 10 10 10 10 10 10 10 10 10 10 10 10 10 10 10 10 10 10 10 10 10 10 10 10 10 10 10 10 10 10 10 10 10 10 10 10 10 10 10 10 10 10 10 10 10 10 10 10 10 10 10 10 10 10 10 10 10 10 10 10 10 10 10 10 10 
10 10 10 10 10 10 10 10 10 10 10 10 10 10 10 10 10 10 10 10 10 10 10 10 10 10 10 10 10 10 10 10 10 10 10 10 10 10 10 10 10 10 10 10 10 10 10 10 10 10 10 10 10 10 10 10 10 10 10 10 10 10 10 10 10 10 10 10 10 10 10 10 10 10 10 10 10 10 10 10 10 10 10 10 10 10 10 10 10 10 10 10 10 10 10 10 10 10 10 10 
10 10 10 10 10 10 10 10 10 10 10 10 10 10 10 10 10 10 10 10 10 10 10 10 10 10 10 10 10 10 10 10 10 10 10 10 10 10 10 10 10 10 10 10 10 10 10 10 10 10 10 10 10 10 10 10 10 10 10 10 10 10 10 10 10 10 10 10 10 10 10 10 10 10 10 10 10 10 10 10 10 10 10 10 10 10 10 10 10 10 10 10 10 10 10 10 10 10 10 10 
10 10 10 10 10 10 10 10 10 10 10 10 10 10 10 10 10 10 10 10 10 10 10 10 10 10 10 10 10 10 10 10 10 10 10 10 10 10 10 10 10 10 10 10 10 10 10 10 10 10 10 10 10 10 10 10 10 10 10 10 10 10 10 10 10 10 10 10 10 10 10 10 10 10 10 10 10 10 10 10 10 10 10 10 10 10 10 10 10 10 10 10 10 10 10 10 10 10 10 10 
10 10 10 10 10 10 10 10 10 10 10 10 10 10 10 10 10 10 10 10 10 10 10 10 10 10 10 10 10 10 10 10 10 10 10 10 10 10 10 10 10 10 10 10 10 10 10 10 10 10 10 10 10 10 10 10 10 10 10 10 10 10 10 10 10 10 10 10 10 10 10 10 10 10 10 10 10 10 10 10 10 10 10 10 10 10 10 10 10 10 10 10 10 10 10 10 10 10 10 10 
10 10 10 10 10 10 10 10 10 10 10 10 10 10 10 10 10 10 10 10 10 10 10 10 10 10 10 10 10 10 10 10 10 10 10 10 10 10 10 10 10 10 10 10 10 10 10 10 10 10 10 10 10 10 10 10 10 10 10 10 10 10 10 10 10 10 10 10 10 10 10 10 10 10 10 10 10 10 10 10 10 10 10 10 10 10 10 10 10 10 10 10 10 10 10 10 10 10 10 10 
10 10 10 10 10 10 10 10 10 10 10 10 10 10 10 10 10 10 10 10 10 10 10 10 10 10 10 10 10 10 10 10 10 10 10 10 10 10 10 10 10 10 10 10 10 10 10 10 10 10 10 10 10 10 10 10 10 10 10 10 10 10 10 10 10 10 10 10 10 10 10 10 10 10 10 10 10 10 10 10 10 10 10 10 10 10 10 10 10 10 10 10 10 10 10 10 10 10 10 10 
10 10 10 10 10 10 10 10 10 10 10 10 10 10 10 10 10 10 10 10 10 10 10 10 10 10 10 10 10 10 10 10 10 10 10 10 10 10 10 10 10 10 10 10 10 10 10 10 10 10 10 10 10 10 10 10 10 10 10 10 10 10 10 10 10 10 10 10 10 10 10 10 10 10 10 10 10 10 10 10 10 10 10 10 10 10 10 10 10 10 10 10 10 10 10 10 10 10 10 10 
10 10 10 10 10 10 10 10 10 10 10 10 10 10 10 10 10 10 10 10 10 10 10 10 10 10 10 10 10 10 10 10 10 10 10 10 10 10 10 10 10 10 10 10 10 10 10 10 10 10 10 10 10 10 10 10 10 10 10 10 10 10 10 10 10 10 10 10 10 10 10 10 10 10 10 10 10 10 10 10 10 10 10 10 10 10 10 10 10 10 10 10 10 10 10 10 10 10 10 10 
10 10 10 10 10 10 10 10 10 10 10 10 10 10 10 10 10 10 10 10 10 10 10 10 10 10 10 10 10 10 10 10 10 10 10 10 10 10 10 10 10 10 10 10 10 10 10 10 10 10 10 10 10 10 10 10 10 10 10 10 10 10 10 10 10 10 10 10 10 10 10 10 10 10 10 10 10 10 10 10 10 10 10 10 10 10 10 10 10 10 10 10 10 10 10 10 10 10 10 10 
10 10 10 10 10 10 10 10 10 10 10 10 10 10 10 10 10 10 10 10 10 10 10 10 10 10 10 10 10 10 10 10 10 10 10 10 10 10 10 10 10 10 10 10 10 10 10 10 10 10 10 10 10 10 10 10 10 10 10 10 10 10 10 10 10 10 10 10 10 10 10 10 10 10 10 10 10 10 10 10 10 10 10 10 10 10 10 10 10 10 10 10 10 10 10 10 10 10 10 10 
10 10 10 10 10 10 10 10 10 10 10 10 10 10 10 10 10 10 10 10 10 10 10 10 10 10 10 10 10 10 10 10 10 10 10 10 10 10 10 10 10 10 10 10 10 10 10 10 10 10 10 10 10 10 10 10 10 10 10 10 10 10 10 10 10 10 10 10 10 10 10 10 10 10 10 10 10 10 10 10 10 10 10 10 10 10 10 10 10 10 10 10 10 10 10 10 10 10 10 10 
10 10 10 10 10 10 10 10 10 10 10 10 10 10 10 10 10 10 10 10 10 10 10 10 10 10 10 10 10 10 10 10 10 10 10 10 10 10 10 10 10 10 10 10 10 10 10 10 10 10 10 10 10 10 10 10 10 10 10 10 10 10 10 10 10 10 10 10 10 10 10 10 10 10 10 10 10 10 10 10 10 10 10 10 10 10 10 10 10 10 10 10 10 10 10 10 10 10 10 10 
10 10 10 10 10 10 10 10 10 10 10 10 10 10 10 10 10 10 10 10 10 10 10 10 10 10 10 10 10 10 10 10 10 10 10 10 10 10 10 10 10 10 10 10 10 10 10 10 10 10 10 10 10 10 10 10 10 10 10 10 10 10 10 10 10 10 10 10 10 10 10 10 10 10 10 10 10 10 10 10 10 10 10 10 10 10 10 10 10 10 10 10 10 10 10 10 10 10 10 10 
10 10 10 10 10 10 10 10 10 10 10 10 10 10 10 10 10 10 10 10 10 10 10 10 10 10 10 10 10 10 10 10 10 10 10 10 10 10 10 10 10 10 10 10 10 10 10 10 10 10 10 10 10 10 10 10 10 10 10 10 10 10 10 10 10 10 10 10 10 10 10 10 10 10 10 10 10 10 10 10 10 10 10 10 10 10 10 10 10 10 10 10 10 10 10 10 10 10 10 10 
10 10 10 10 10 10 10 10 10 10 10 10 10 10 10 10 10 10 10 10 10 10 10 10 10 10 10 10 10 10 10 10 10 10 10 10 10 10 10 10 10 10 10 10 10 10 10 10 10 10 10 10 10 10 10 10 10 10 10 10 10 10 10 10 10 10 10 10 10 10 10 10 10 10 10 10 10 10 10 10 10 10 10 10 10 10 10 10 10 10 10 10 10 10 10 10 10 10 10 10 
10 10 10 10 10 10 10 10 10 10 10 10 10 10 10 10 10 10 10 10 10 10 10 10 10 10 10 10 10 10 10 10 10 10 10 10 10 10 10 10 10 10 10 10 10 10 10 10 10 10 10 10 10 10 10 10 10 10 10 10 10 10 10 10 10 10 10 10 10 10 10 10 10 10 10 10 10 10 10 10 10 10 10 10 10 10 10 10 10 10 10 10 10 10 10 10 10 10 10 10 
10 10 10 10 10 10 10 10 10 10 10 10 10 10 10 10 10 10 10 10 10 10 10 10 10 10 10 10 10 10 10 10 10 10 10 10 10 10 10 10 10 10 10 10 10 10 10 10 10 10 10 10 10 10 10 10 10 10 10 10 10 10 10 10 10 10 10 10 10 10 10 10 10 10 10 10 10 10 10 10 10 10 10 10 10 10 10 10 10 10 10 10 10 10 10 10 10 10 10 10 
10 10 10 10 10 10 10 10 10 10 10 10 10 10 10 10 10 10 10 10 10 10 10 10 10 10 10 10 10 10 10 10 10 10 10 10 10 10 10 10 10 10 10 10 10 10 10 10 10 10 10 10 10 10 10 10 10 10 10 10 10 10 10 10 10 10 10 10 10 10 10 10 10 10 10 10 10 10 10 10 10 10 10 10 10 10 10 10 10 10 10 10 10 10 10 10 10 10 10 10 
10 10 10 10 10 10 10 10 10 10 10 10 10 10 10 10 10 10 10 10 10 10 10 10 10 10 10 10 10 10 10 nan 10 10 10 10 10 10 10 10 10 10 10 10 10 10 10 10 10 10 10 10 10 10 10 10 10 10 10 10 10 10 10 10 10 10 10 10 10 10 10 10 10 10 10 10 10 10 10 10 10 10 10 10 10 10 10 10 10 10 10 10 10 10 10 10 10 10 10 10 
