0.000167779 0.000135476 0.00015 0.000167779 5e-05 5e-05 0.000167779 5.38492e-05 6.7886e-05 0.000167779 0.000167779 6.83387e-05 0.000126809 5e-05 6.69641e-05 
5.50752e-05 0.000167779 0.000167779 5e-05 5e-05 0.000167779 0.000103384 0.000167779 5e-05 7.77964e-05 0.000167779 5e-05 0.000145613 5e-05 0.000109231 
0.000114096 5e-05 0.000113592 0.000167779 0.000167779 5e-05 5e-05 5e-05 7.42081e-05 0.000167779 0.000139609 0.000110285 0.000127333 5e-05 0.000167779 
0.000122188 0.000167779 0.00011534 6.88082e-05 5e-05 5e-05 5e-05 5e-05 0.000136129 0.000114697 5e-05 0.000167779 5.26486e-05 0.000167779 0.000167779 
0.000167779 5e-05 5e-05 0.000167779 0.000128723 0.000120225 5e-05 0.000110221 5e-05 0.000114639 5.98745e-05 0.000159627 0.000107024 5e-05 0.000167779 
5e-05 0.000167779 5e-05 0.000167779 5e-05 0.000167779 0.000157481 5e-05 0.000167779 0.000108365 0.000149547 9.53388e-05 5e-05 8.96288e-05 7.32554e-05 
0.000167779 5e-05 0.00014899 5e-05 0.000158786 7.53857e-05 0.000167779 5e-05 0.000167779 5e-05 0.000143786 0.000167779 9.50122e-05 0.000149803 5e-05 
5e-05 5e-05 0.000105763 0.000167779 5e-05 0.000167779 6.74918e-05 5e-05 8.55565e-05 -nan 0.000135918 5e-05 5e-05 0.000167779 7.66374e-05 
0.000123033 5e-05 5e-05 5e-05 0.000167779 5e-05 5e-05 0.000167779 0.000167779 0.000167779 0.000120809 0.000167779 9.439e-05 9.82759e-05 8.38376e-05 
0.000145529 0.000167779 0.000167779 8.74125e-05 5e-05 8.98017e-05 0.000167779 5e-05 0.000167779 0.000167779 8.77432e-05 0.000167779 5e-05 5e-05 0.000104524 
5e-05 0.000148554 0.000162071 0.000128246 5e-05 5.94817e-05 0.000167779 8.19457e-05 5e-05 5e-05 5e-05 5e-05 5e-05 5e-05 5e-05 
8.86156e-05 5e-05 0.000167779 5e-05 0.000153869 5e-05 0.0001181 0.000124091 0.000167779 0.000167779 5e-05 0.000167779 5e-05 0.000167779 0.00012567 
5e-05 0.000122023 9.28106e-05 7.44954e-05 5e-05 0.000167779 0.000167779 5e-05 0.000108899 5e-05 0.000166341 5e-05 5e-05 0.000137528 7.29725e-05 
0.000167779 0.000167779 0.000116616 5e-05 0.000104133 5e-05 5e-05 0.000167779 0.000167779 0.000167779 7.52342e-05 0.000167779 5e-05 0.000111879 0.000167779 
5e-05 0.000167779 5e-05 0.000167779 0.000128839 8.69378e-05 5e-05 0.000167779 5e-05 0.000112443 5e-05 8.10943e-05 0.000167779 0.000167779 0.000134124 
5e-05 0.000167779 7.15664e-05 5e-05 5e-05 9.66271e-05 0.000148658 0.000167779 0.000167779 0.000167779 0.000167779 5e-05 0.000107204 5e-05 0.000167779 
5e-05 0.000101323 0.000111057 5e-05 5e-05 0.000167779 0.000126489 5e-05 0.000167779 0.000136854 5e-05 0.000167779 0.000167779 0.000167779 5e-05 
5e-05 5e-05 0.000119221 5e-05 0.000115762 0.000118074 0.000148222 5e-05 0.000167779 0.000167779 0.000167779 5e-05 5e-05 0.000137144 0.000167779 
5e-05 0.000167779 0.000167779 5e-05 0.000167779 0.000167779 0.000111799 0.000167779 5e-05 5e-05 0.000167779 5e-05 0.000141994 5e-05 9.18274e-05 
0.000167779 6.78774e-05 0.000167779 0.000167779 0.000167779 5.0097e-05 5e-05 5e-05 5e-05 0.000167779 0.000167779 5e-05 0.000167779 5e-05 0.00011329 
5e-05 5e-05 9.18491e-05 0.000167779 7.20227e-05 0.000147169 0.00013892 5e-05 0.000167779 0.000102264 0.000167779 0.000167779 5e-05 5e-05 0.000167779 
0.000167779 0.000167779 0.000167779 5e-05 0.000167779 9.39628e-05 8.35294e-05 5e-05 5e-05 0.000167779 0.00011938 0.000167779 9.08811e-05 0.000167779 5e-05 
8.22136e-05 9.13807e-05 5e-05 5e-05 0.000167779 0.000167779 0.000167779 0.000167779 0.000167779 5e-05 0.000167779 0.000136531 5e-05 8.79956e-05 5e-05 
5e-05 0.000167779 5e-05 8.51996e-05 5e-05 0.000149438 5e-05 5e-05 5e-05 0.000129577 0.000167779 7.09751e-05 0.000167779 5e-05 9.14727e-05 
5e-05 0.000167779 0.000102034 0.000167779 0.000148177 5e-05 0.000115444 5e-05 5e-05 0.000167779 5e-05 0.000167779 0.000167779 0.000109701 0.000167779 
5e-05 0.000167779 5e-05 8.94137e-05 0.000167779 9.72418e-05 5e-05 0.000144264 5e-05 5e-05 5e-05 0.000167779 9.7104e-05 5e-05 0.000167779 
0.000133998 0.000112382 5e-05 5e-05 0.000167779 0.000167779 5e-05 8.53337e-05 5e-05 0.000167779 8.75961e-05 5e-05 5e-05 0.000167779 0.000167779 
8.54731e-05 0.000167779 0.000136755 0.000167779 0.000167779 5e-05 0.000167779 9.8224e-05 0.000167779 5e-05 5e-05 0.000124075 5e-05 5e-05 0.000167779 
0.000167779 7.48153e-05 5e-05 0.000120298 5e-05 5e-05 0.000167779 0.000167779 5e-05 0.000167779 0.000167779 0.000167779 0.000114387 0.000167779 5e-05 
5e-05 0.000167779 0.000167779 5e-05 5.33309e-05 0.00012606 5e-05 5e-05 0.000167779 0.000118906 5e-05 8.2828e-05 0.00015977 0.000167779 8.59886e-05 
5e-05 8.37643e-05 5e-05 8.13478e-05 0.000144029 7.6021e-05 5e-05 0.000149275 0.000167779 5e-05 6.91994e-05 0.000167779 0.000136172 0.000167779 5e-05 
0.000167779 9.36064e-05 0.000167779 7.07821e-05 0.000124961 0.000167779 0.000167779 5e-05 5e-05 0.000148889 5e-05 0.000167779 5e-05 0.00014286 0.000167779 
0.000145729 5e-05 5e-05 0.000167779 5e-05 0.000132937 5e-05 0.000149618 0.000109941 0.000134875 5e-05 5e-05 5e-05 0.000140985 0.000167779 
8.86443e-05 5e-05 5e-05 5e-05 0.000124725 5e-05 0.000167779 0.000159764 5e-05 0.000167779 0.000167779 0.000167779 0.00011037 5e-05 5.86868e-05 
0.000167779 6.6034e-05 0.000167779 5e-05 5e-05 5e-05 0.000167779 6.11352e-05 0.000167779 0.000110454 0.000167779 9.90438e-05 0.000167779 0.000120046 5e-05 
5e-05 0.000167779 0.000167779 5e-05 0.000116053 0.000125311 8.73943e-05 0.000109602 0.000167779 7.85921e-05 0.000167779 0.000167779 5e-05 0.000167779 0.000167779 
0.000167779 5e-05 0.000112267 0.000167779 0.000149223 6.85141e-05 5e-05 0.000167779 5e-05 5e-05 5e-05 0.000167779 0.000167779 0.000167779 0.000167779 
5e-05 5e-05 0.000167779 0.000167779 0.000120487 0.000167779 8.58971e-05 0.000167779 5e-05 0.000138888 5e-05 5e-05 0.000139018 5.2689e-05 0.00013465 
5e-05 5e-05 0.000167779 5e-05 7.41528e-05 5e-05 0.000167779 0.000167779 0.000156155 0.000167779 0.000167779 0.000124511 7.05184e-05 9.58647e-05 0.000167779 
7.51409e-05 0.00013365 5e-05 5e-05 0.000167779 0.000167779 5.4444e-05 0.000143569 0.000167779 5e-05 5e-05 5e-05 8.95456e-05 5e-05 5e-05 
0.000167779 5e-05 5e-05 0.000120954 0.000130763 5e-05 0.000147436 5e-05 0.000150235 6.18945e-05 5e-05 9.80217e-05 0.000167779 5e-05 0.000167779 
6.96238e-05 0.000167779 5e-05 0.000167779 9.08177e-05 0.000167779 0.000139892 5e-05 5e-05 0.000167779 0.000153964 0.000127553 0.000167779 5e-05 0.000167779 
5e-05 0.000163634 5e-05 7.04636e-05 0.000111873 0.000167779 0.000167779 0.000144908 0.000167779 7.84074e-05 0.000154168 5e-05 0.000167779 0.000167779 0.000115763 
7.585e-05 0.000167779 5e-05 5.0909e-05 0.000167779 5e-05 5e-05 0.000167779 0.000167779 5e-05 0.000167779 0.00011882 0.000167779 5e-05 0.000167779 
0.000164909 0.00012244 8.59436e-05 0.000134228 0.000167779 7.82417e-05 5e-05 7.29074e-05 0.000167779 5e-05 5e-05 5e-05 0.000145768 0.00010425 5e-05 
0.000126441 0.000167779 5e-05 0.000167779 0.00015339 0.000167779 5e-05 0.000167779 5e-05 0.000167779 5e-05 7.79503e-05 5e-05 0.000146213 5e-05 
5e-05 0.000145485 5.76489e-05 0.000167779 5e-05 5e-05 0.0001385 0.000167779 5e-05 7.06871e-05 0.000166639 8.55717e-05 7.48106e-05 0.000167779 0.000141361 
0.000167779 5e-05 0.000155411 0.000144603 0.000161583 0.000167779 5e-05 5e-05 5e-05 0.000124013 5e-05 0.000147328 5e-05 5.9555e-05 0.000167779 
7.96805e-05 0.000167779 0.000167779 5e-05 0.000167779 0.000167779 5e-05 8.84419e-05 6.96014e-05 5e-05 0.000167779 0.000167174 0.000137293 0.000167779 0.000111433 
0.000167779 0.000167779 0.000167779 7.45514e-05 5e-05 0.000106162 5e-05 7.13935e-05 5e-05 5e-05 0.000167779 0.00013748 8.12678e-05 5e-05 0.000167779 
6.97377e-05 5e-05 5e-05 0.000167779 7.38669e-05 5e-05 5.00697e-05 0.000167779 0.000113676 0.000167779 0.000167779 0.000167779 0.000147073 5e-05 5e-05 
0.00012872 0.000144517 0.000167779 5e-05 5e-05 5e-05 0.000167779 7.09388e-05 7.78008e-05 0.000167779 5e-05 0.000167779 0.000111679 0.000134533 0.000167779 
7.48962e-05 5e-05 5e-05 0.000167779 0.000167779 0.000131324 0.000167779 5e-05 0.000167779 0.000167779 0.000153006 5.00526e-05 5e-05 5e-05 5e-05 
0.000148687 0.000167779 5e-05 0.000149797 0.000130273 0.000167779 9.40574e-05 5e-05 0.000107724 5e-05 5e-05 9.89412e-05 0.000167779 9.04057e-05 0.000167779 
0.000167779 7.36468e-05 5e-05 0.000167779 0.000167779 5e-05 0.000167779 0.000167779 8.72976e-05 0.000167779 0.000167779 5e-05 0.000167779 0.000167779 0.000103848 
0.000167779 7.707e-05 5e-05 9.34444e-05 0.000167779 0.000167779 0.000167779 5e-05 0.000167779 0.000167779 0.000167779 7.03428e-05 0.000115334 8.30192e-05 9.54831e-05 
5e-05 0.000124079 0.000167779 5e-05 5e-05 5e-05 5e-05 0.000167779 0.000167779 5e-05 8.55491e-05 5e-05 0.000127338 5e-05 0.000109029 
0.000167779 0.000138164 0.000149305 5e-05 7.71035e-05 0.000167779 5e-05 0.000167779 5e-05 0.000167779 0.000105992 0.000132086 5e-05 5e-05 0.000144913 
5e-05 7.2021e-05 0.000159011 0.000167779 0.000167779 5e-05 5e-05 5e-05 5e-05 0.000167779 5e-05 0.000112513 0.000167779 5e-05 0.000167779 
0.000119727 5e-05 0.000167779 0.000167779 5e-05 8.73861e-05 0.000167779 0.000167779 5e-05 0.000167779 0.000121933 5e-05 0.000167779 7.58754e-05 0.000167779 
0.000167779 5e-05 9.27666e-05 5e-05 0.000167779 5e-05 9.22656e-05 0.000167779 9.05918e-05 0.00011612 0.000128828 0.000167779 8.43326e-05 5e-05 5e-05 
5e-05 5e-05 5e-05 0.000167779 0.000104521 5e-05 5e-05 0.000167779 5e-05 5e-05 0.000111387 0.000167779 0.000167779 0.000167779 0.000167779 
5e-05 8.53423e-05 7.1281e-05 5e-05 8.49989e-05 5e-05 5e-05 0.000167779 0.00013586 0.000167779 0.000167779 5e-05 0.000167779 0.000167779 0.000167779 
0.00015932 5e-05 5e-05 0.000143933 0.000167779 5e-05 5e-05 0.000167779 0.000112377 0.000167779 5e-05 0.000167779 0.000167779 0.000160951 5e-05 
