1521566358 31 
0 66 65 67 98 66 
0 56 86 63 31 
0 15 32 
0 4 
0 76 
0 4 76 
0 98 
0 49 24 
0 27 15 
0 54 
0 20 
0 48 27 
0 57 
0 56 
0 24 
0 97 36 97 
0 13 97 13 77 13 32 76 60 76 60 27 60 
76 95 24 
0 15 95 
0 24 49 
0 59 24 22 32 59 32 22 10 24 
0 48 
0 67 98 67 
0 16 
0 73 
0 15 
0 29 25 21 25 70 80 25 70 42 36 42 
0 57 
0 88 
0 20 
0 98 66 
0 4 
0 32 
0 76 67 24 49 
0 73 
0 59 65 41 
0 66 
0 15 
0 97 
0 86 
0 24 
0 25 53 30 53 29 
0 20 
0 15 76 32 59 
0 63 49 
0 67 
0 59 65 95 41 95 12 
0 24 15 20 
0 67 
0 36 39 76 49 
0 98 
0 20 
0 97 
0 70 73 97 77 
0 86 
0 39 97 39 54 4 7 77 36 4 54 4 54 
86 54 86 
0 97 77 
0 20 
0 57 
0 24 
0 34 
0 97 
0 97 
0 84 17 38 17 38 17 38 40 38 84 8 52 
8 36 31 86 
0 15 
0 99 
0 15 
0 16 
0 27 
0 54 39 
0 66 49 67 66 49 66 49 66 49 
0 67 
0 65 13 24 
0 57 
0 73 
0 54 
0 24 
0 24 13 65 13 32 83 66 42 
0 57 
0 56 
0 56 45 
0 47 
0 
0 
0 36 
0 48 
0 66 
0 4 76 4 
0 97 76 77 97 
0 45 
0 24 49 76 49 
0 59 
0 24 41 98 65 53 98 5 63 
0 49 
0 
0 98 67 
