9.4783e-05 9.4783e-05 
8.83427e-05 8.83427e-05 8.15306e-05 8.38016e-05 9.03961e-05 8.98099e-05 
0.000102844 0.000102844 9.55784e-05 0.000108479 0.000105094 
3.7817e-05 3.7817e-05 3.92935e-05 
3.13362e-05 3.13362e-05 
5.3856e-05 5.3856e-05 
4.11519e-05 4.11519e-05 5.14786e-05 
0.000107423 0.000107423 
7.17157e-05 7.17157e-05 6.12174e-05 
1.59744e-05 1.59744e-05 1.74389e-05 
1.83889e-06 1.83889e-06 
1.54813e-05 1.54813e-05 
1.76752e-05 1.76752e-05 1.07346e-05 
1.46419e-05 1.46419e-05 
0.00011269 0.00011269 
5.78648e-05 5.78648e-05 
6.91129e-05 6.91129e-05 6.84134e-05 7.02576e-05 
7.19233e-05 7.19233e-05 7.13314e-05 7.00769e-05 5.84496e-05 6.29959e-05 4.81297e-05 4.76561e-05 4.07351e-05 4.39801e-05 3.15921e-05 2.60489e-05 3.00121e-05 
5.56819e-05 5.56819e-05 5.69117e-05 
3.29993e-05 3.29993e-05 4.99147e-05 
5.9423e-05 5.9423e-05 6.66321e-05 
4.51505e-05 4.51504e-05 4.95183e-05 4.5775e-05 4.43158e-05 4.39102e-05 4.45594e-05 4.87379e-05 5.64883e-05 5.16728e-05 
3.19612e-05 3.19612e-05 
9.11207e-05 9.11207e-05 9.40274e-05 9.08021e-05 
7.86921e-06 7.8692e-06 
5.93384e-05 5.93384e-05 
2.1684e-05 2.1684e-05 
0.000100429 0.000100429 9.48094e-05 9.32377e-05 9.07953e-05 8.29796e-05 8.3174e-05 8.12257e-05 7.77712e-05 7.4907e-05 6.74623e-05 7.77081e-05 
7.23927e-06 7.23927e-06 
5.16341e-05 5.16341e-05 
2.68808e-05 2.68808e-05 
0.00010178 0.00010178 0.000102974 
3.0083e-05 3.0083e-05 
4.23277e-05 4.23277e-05 
5.782e-05 5.782e-05 6.99296e-05 6.53801e-05 6.70871e-05 
5.99714e-05 5.99714e-05 
4.93706e-05 4.93706e-05 6.85493e-05 7.13137e-05 
0.000105006 0.000105006 
3.20716e-05 3.20716e-05 
7.21971e-05 7.21971e-05 
7.75988e-05 7.75988e-05 
4.96489e-05 4.96489e-05 
9.35436e-05 9.35435e-05 0.000106701 0.00011203 0.000108359 0.000107937 
2.58303e-05 2.58303e-05 
3.95247e-05 3.95247e-05 4.35909e-05 4.17171e-05 3.89242e-05 
0.000107901 0.000107901 9.00474e-05 
7.41516e-05 7.41516e-05 
4.95875e-05 4.95875e-05 6.48999e-05 6.34874e-05 6.47959e-05 6.21853e-05 5.47931e-05 
4.49483e-05 4.49483e-05 3.20582e-05 2.69403e-05 
7.71878e-05 7.71878e-05 
5.44306e-05 5.44306e-05 5.19199e-05 5.93728e-05 7.0844e-05 
0.0001072 0.0001072 
1.66578e-05 1.66578e-05 
7.23214e-05 7.23214e-05 
6.98977e-05 6.98977e-05 6.64256e-05 6.30576e-05 6.0101e-05 
8.86702e-05 8.86702e-05 
5.04306e-05 5.04306e-05 6.37422e-05 4.19269e-05 2.43196e-05 2.99017e-05 3.89909e-05 4.87828e-05 5.06863e-05 3.01193e-05 2.23577e-05 2.56053e-05 2.32689e-05 
2.11559e-05 2.11559e-05 7.67431e-05 
6.27733e-05 6.27733e-05 5.76558e-05 
1.91337e-05 1.91337e-05 
1.16389e-05 1.16389e-05 
5.58919e-05 5.58919e-05 
0.000111091 0.000111091 
7.72134e-05 7.72134e-05 
8.45829e-05 8.45829e-05 
3.31847e-05 3.31847e-05 2.36355e-05 2.3597e-05 2.19129e-05 2.26959e-05 2.14644e-05 2.29287e-05 2.16745e-05 3.00731e-05 3.35489e-05 2.42613e-05 2.28247e-05 
6.59371e-05 6.59371e-05 8.49667e-05 8.28026e-05 
1.71913e-05 1.71913e-05 
1.4155e-05 1.4155e-05 
1.85126e-05 1.85126e-05 
8.40783e-06 8.40782e-06 
5.92591e-06 5.92591e-06 
1.98786e-05 1.98786e-05 3.3191e-05 
9.00009e-05 9.00009e-05 8.54936e-05 8.41942e-05 8.79003e-05 8.71312e-05 8.88782e-05 8.81096e-05 9.00732e-05 8.99557e-05 
7.4068e-05 7.4068e-05 
7.21384e-05 7.21384e-05 7.0953e-05 6.26964e-05 
1.05457e-05 1.05457e-05 
5.86858e-05 5.86858e-05 
7.88626e-06 7.88625e-06 
5.20536e-05 5.20536e-05 
6.4677e-05 6.4677e-05 7.01229e-05 7.01292e-05 6.88117e-05 5.47419e-05 7.58893e-05 9.10014e-05 8.55713e-05 
5.8593e-06 5.8593e-06 
0.000112811 0.000112811 
0.000100397 0.000100397 9.2584e-05 
0.000112563 0.000112563 
9.8207e-05 
4.69478e-07 
6.6998e-05 6.6998e-05 
1.84031e-05 1.84031e-05 
0.000103 0.000103 
4.05101e-05 4.05101e-05 4.29125e-05 3.92917e-05 
6.53665e-05 6.53665e-05 5.78764e-05 5.778e-05 6.24779e-05 
7.75453e-05 7.75453e-05 
5.98813e-05 5.98813e-05 6.66013e-05 6.21235e-05 6.66128e-05 
3.4328e-05 3.4328e-05 
6.50891e-05 6.50891e-05 7.84772e-05 8.61236e-05 8.59532e-05 9.71818e-05 0.000100725 0.000104216 0.000120042 
8.43616e-05 8.43616e-05 
3.99589e-06 
9.3999e-05 9.3999e-05 9.05465e-05 
