4.4491e-05 4.4491e-05 
9.00734e-05 9.00733e-05 9.473e-05 9.6707e-05 9.85901e-05 9.23144e-05 
2.22861e-05 2.22861e-05 3.04267e-05 5.69117e-05 5.49979e-05 
8.66653e-05 8.66652e-05 8.7805e-05 
6.24943e-05 6.24943e-05 
7.0944e-05 7.0944e-05 
5.79176e-05 5.79176e-05 6.14015e-05 
0.000103357 0.000103357 
8.09195e-05 8.09195e-05 9.38884e-05 
6.84732e-05 6.84732e-05 7.23004e-05 
2.74005e-05 2.74005e-05 
9.07205e-05 9.07205e-05 
4.52312e-05 4.52312e-05 5.09879e-05 
1.22749e-05 1.22749e-05 
2.46219e-05 2.46219e-05 
9.46616e-05 9.46616e-05 
3.33958e-05 3.33958e-05 3.1604e-05 3.29529e-05 
5.91457e-05 5.91457e-05 5.69553e-05 5.84671e-05 5.41559e-05 6.47797e-05 7.16169e-05 6.95441e-05 6.32743e-05 6.51828e-05 6.22452e-05 6.20887e-05 6.17352e-05 
0.00010974 0.00010974 0.000104196 
8.70181e-05 8.70181e-05 0.000113726 
8.68553e-05 8.68553e-05 7.65447e-05 
0.000100575 0.000100575 9.58649e-05 9.0861e-05 9.08432e-05 9.31864e-05 9.12551e-05 9.35043e-05 0.000100373 0.000104328 
3.97614e-05 3.97614e-05 
0.000103677 0.000103677 0.000104671 0.0001048 
0.000107095 0.000107095 
9.7081e-06 9.7081e-06 
7.48197e-05 7.48197e-05 
3.93592e-05 3.93592e-05 3.45789e-05 3.32383e-05 3.38762e-05 4.17381e-05 4.69444e-05 3.61021e-05 3.67609e-05 3.84774e-05 3.09704e-05 4.30343e-05 
2.25883e-06 2.25883e-06 
7.11795e-06 7.11794e-06 
0.000109499 0.000109499 
9.59937e-05 9.59937e-05 9.33109e-05 
6.08913e-05 6.08913e-05 
8.57649e-05 8.57649e-05 
7.5327e-05 7.5327e-05 9.15253e-05 8.90962e-05 7.79396e-05 
4.43128e-06 4.43127e-06 
0.000105122 0.000105122 0.000104917 0.000108051 
8.13318e-05 8.13318e-05 
8.33153e-05 8.33153e-05 
3.99408e-05 3.99408e-05 
1.87238e-05 1.87238e-05 
9.92827e-05 9.92827e-05 
3.72659e-05 3.72659e-05 5.71294e-05 6.17638e-05 5.88168e-05 5.42699e-05 
0.000100783 0.000100783 
7.74644e-05 7.74644e-05 7.69065e-05 8.6597e-05 0.00010307 
6.64055e-05 6.64055e-05 6.94637e-05 
9.68687e-05 9.68687e-05 
0.000104235 0.000104235 0.00010252 0.000113608 0.000115789 0.000117304 0.000126525 
9.19152e-05 9.19152e-05 9.07295e-05 9.65264e-05 
0.000102768 0.000102768 
2.43476e-05 2.43476e-05 2.49093e-05 5.9331e-05 6.27025e-05 
0.000103801 0.000103801 
9.93941e-05 9.93941e-05 
4.87294e-05 4.87294e-05 
3.17068e-05 3.17068e-05 2.47202e-05 3.95982e-05 4.03838e-05 
3.46848e-05 3.46848e-05 
2.55075e-05 2.55075e-05 3.86112e-05 2.9984e-05 3.56471e-05 4.26651e-05 2.35213e-05 3.31026e-05 3.09398e-05 4.26001e-05 3.96828e-05 4.39715e-05 3.84524e-05 
3.11625e-05 3.11625e-05 2.43495e-05 
4.69862e-05 4.69862e-05 4.80459e-05 
0.000102298 0.000102298 
1.42228e-05 1.42228e-05 
8.57905e-05 8.57905e-05 
0.000105479 0.000105479 
4.32281e-05 4.32281e-05 
4.15895e-05 4.15895e-05 
2.62018e-05 2.62018e-05 3.25561e-05 3.46956e-05 3.42699e-05 3.4808e-05 3.36544e-05 3.30191e-05 2.29095e-05 2.89119e-05 2.60422e-05 2.94859e-05 2.95017e-05 
2.75726e-05 2.75726e-05 4.29332e-05 3.97324e-05 
8.25949e-05 8.25949e-05 
8.95127e-05 8.95127e-05 
8.40527e-05 8.40527e-05 
0.000107183 0.000107183 
5.88384e-05 5.88384e-05 
2.70818e-05 2.70818e-05 1.78055e-05 
8.2652e-05 8.2652e-05 8.22035e-05 8.81273e-05 8.23215e-05 7.94261e-05 7.93837e-05 7.82883e-05 7.86905e-05 7.70209e-05 
0.000109135 0.000109135 
8.5707e-05 8.57069e-05 7.99785e-05 8.3361e-05 
1.52186e-05 1.52186e-05 
8.8255e-06 8.82549e-06 
2.30875e-05 2.30875e-05 
9.24692e-05 9.24691e-05 
8.52383e-05 8.52383e-05 8.08471e-05 8.254e-05 8.0213e-05 8.02419e-05 7.86009e-05 7.75616e-05 5.57065e-05 
1.78025e-05 1.78025e-05 
2.30507e-05 2.30506e-05 
1.41543e-05 1.41543e-05 9.48156e-06 
6.09833e-06 6.09832e-06 
8.15953e-06 
0.000104133 
2.03481e-05 2.03481e-05 
4.41872e-05 4.41872e-05 
9.24712e-05 9.24712e-05 
6.23268e-05 6.23267e-05 6.4422e-05 6.41254e-05 
5.10558e-05 5.10558e-05 5.68244e-05 5.13431e-05 4.99667e-05 
1.12406e-05 1.12406e-05 
8.54316e-05 8.54316e-05 7.47122e-05 7.05784e-05 6.87323e-05 
0.000111935 0.000111935 
9.90051e-05 9.90051e-05 0.000107344 0.000100541 9.66969e-05 7.79524e-05 9.40855e-05 9.06809e-05 7.49346e-05 
7.09484e-05 7.09484e-05 
8.43609e-05 
0.000104393 0.000104393 0.00010369 
