0.000225623 0.000125081 
0.000225623 0.000109309 9.95773e-05 0.000102114 0.000100259 0.000108182 
0.000225623 0.000101384 0.000108862 0.000105765 0.000111831 
0.000225623 0.000107762 9.62275e-05 
0.000225623 0.000121142 
0.000225623 0.00011799 
0.000225623 0.00011907 0.000116486 
0.000225623 0.000100178 
0.000225623 0.000125743 0.000117413 
0.000225623 0.000104259 0.000106436 
0.000225623 0.000117961 
0.000225623 0.00010013 
0.000225623 0.000100537 9.75474e-05 
0.000225623 0.000109547 
0.000225623 9.90436e-05 
0.000225623 0.000118576 
0.000225623 0.00010479 0.000100739 9.95651e-05 
0.000225623 0.000101479 0.000100462 9.89797e-05 9.61367e-05 9.46748e-05 9.25899e-05 9.44464e-05 8.90706e-05 9.71041e-05 9.13467e-05 9.18256e-05 9.1063e-05 
0.000225623 0.000109419 0.000111483 
0.000225623 0.000114966 0.000110556 
0.000225623 0.000116619 0.000120762 
0.000225623 9.21939e-05 9.57838e-05 7.54249e-05 7.92643e-05 7.9915e-05 7.99713e-05 7.47259e-05 7.67634e-05 0.00010301 
0.000225623 0.000103859 
0.000225623 0.000115175 0.000104461 0.000113801 
0.000225623 7.31169e-05 
0.000225623 8.5394e-05 
0.000225623 0.000116712 
0.000225623 7.37181e-05 6.89496e-05 6.52856e-05 6.65257e-05 6.11923e-05 6.00038e-05 6.99484e-05 6.8997e-05 7.59714e-05 9.01125e-05 8.75253e-05 
0.000225623 0.000102102 
0.000225623 4.20832e-05 
0.000225623 0.000103881 
0.000225623 9.99955e-05 9.91214e-05 
0.000225623 0.000122078 
0.000225623 9.78062e-05 
0.000225623 0.000114485 0.000113224 0.000112732 0.00011967 
0.000225623 8.27715e-05 
0.000225623 9.05574e-05 9.1912e-05 9.28178e-05 
0.000225623 0.000115157 
0.000225623 0.000117766 
0.000225623 0.000113498 
0.000225623 0.000119604 
0.000225623 0.000115653 
0.000225623 8.46264e-05 7.56342e-05 7.21813e-05 7.56902e-05 7.74748e-05 
0.000225623 0.000108076 
0.000225623 0.000111216 0.000106618 9.73891e-05 9.3576e-05 
0.000225623 0.000109255 0.000115927 
0.000225623 0.000124424 
0.000225623 9.02972e-05 9.04575e-05 9.15098e-05 9.04111e-05 8.96399e-05 7.62305e-05 
0.000225623 0.000113546 0.000108503 0.000106576 
0.000225623 0.00012534 
0.000225623 0.000107552 0.000109182 0.000111535 0.00011926 
0.000225623 0.00010054 
0.000225623 0.000107919 
0.000225623 0.00011383 
0.000225623 6.91742e-05 7.59129e-05 9.76128e-05 9.94958e-05 
0.000225623 0.000125496 
0.000225623 0.000119295 0.000106771 0.000110829 0.000111368 0.000108959 9.48892e-05 9.67733e-05 9.7632e-05 0.000109129 0.000111711 0.000111796 0.000112347 
0.000225623 0.000122519 0.000124007 
0.000225623 0.000107974 0.000104536 
0.000225623 0.000108702 
0.000225623 0.000109585 
0.000225623 0.000116779 
0.000225623 3.54484e-05 
0.000225623 0.000113894 
0.000225623 0.000106987 
0.000225623 7.3375e-05 6.82297e-05 6.56917e-05 6.62152e-05 6.49113e-05 6.54032e-05 6.30781e-05 5.89155e-05 5.87942e-05 5.92189e-05 3.67989e-05 3.64465e-05 
0.000225623 0.000106798 0.000115376 0.000116795 
0.000225623 0.00011204 
0.000225623 7.73692e-05 
0.000225623 0.00011325 
0.000225623 7.33484e-05 
0.000225623 0.000102662 
0.000225623 0.000122246 0.000121673 
0.000225623 0.00011455 0.000115315 0.000113721 0.000112238 0.000113314 0.000112482 0.000113659 0.000113386 0.000117226 
0.000225623 0.000119614 
0.000225623 9.91939e-05 9.99661e-05 0.000109682 
0.000225623 0.000109278 
0.000225623 8.48074e-05 
0.000225623 0.00012074 
0.000225623 0.000118577 
0.000225623 0.000109458 9.5993e-05 9.38521e-05 9.31418e-05 8.74419e-05 8.28952e-05 9.65085e-05 8.40741e-05 
0.000225623 0.000106401 
0.000225623 9.99737e-05 
0.000225623 0.00010042 0.000103328 
0.000225623 7.44474e-05 
0.000225623 
0.000225623 
0.000225623 0.000106815 
0.000225623 0.000101983 
0.000225623 0.000112087 
0.000225623 0.000116271 0.000113266 0.000115026 
0.000225623 0.000109086 0.000105381 0.000102724 0.000104602 
0.000225623 0.000107113 
0.000225623 0.000115401 0.000115603 0.000113311 0.000117825 
0.000225623 8.96913e-05 
0.000225623 0.000111094 9.42996e-05 9.15655e-05 9.02604e-05 8.33684e-05 8.75486e-05 8.50273e-05 9.30433e-05 
0.000225623 0.000130024 
0.000225623 
0.000225623 0.000104437 0.00010943 
