0.17561
0.055673
0
0
0
0
0
0.042435
0
0.079936
0
0
0
0.054472
0.035148
0.048553
0
0.1468
0.1229
0.23581
0
0
0.045666
0
0
0
0
0
0
0
0
0.18147
0
0
0
0
0
0.023053
0
0
0.26511
0
0
0
0.31397
0
0
0.2252
0.033712
0
0.1557
0.25111
0.073167
0
0.35705
0
0
0
0
0
0
0
0
0
0.083916
0
0
0
0.023011
0
0
0
0.18329
0
0
0
0
0.10269
0.030154
0.030807
0
0.41937
0
0
0
0
0
0
0
0
0.26505
0
0
0
0.15579
0.4462
0
0.026625
0
0.042733
0
0
0.093412
0.022662
0
0
0.19699
0
0
0
0
0.27514
0.021026
0
0
0
0
0.1251
0.095852
0
0.27611
0
0
0
0.20561
0.14993
0
0.25111
0
0.033027
0.35106
0
0.25462
0
0.011795
0
0
0
0.038298
0.12763
0
0.025366
0.067201
0
0.018871
0
0.099938
0
0.12771
0
0
0
0
0
0.10791
0
0
0
0
0
0
0
0
0
0
0
0
0
0
0.046201
0
0
0.032251
0
0
0
0.39918
0.11842
0
0
0.050894
0
0.089767
0
0.19596
0
0.2176
0
0
0
0
0
0
0
0
0.11502
0
0
0
0.057759
0
0
0
0
0.060299
0
0
0
0.014412
0
0
0.42112
0
0.063414
0.30771
0.021174
0
0
0
0
0
0
0
0
0
0
0
0.012295
0
0
0
0
0
0
0.029784
0
0
0
0
0
0
0
0.08377
0.082001
0
0
0.085361
0
0
0.38309
0
0
0
0
0
0
0
0
0
0
0.13636
0
0
0
0.14563
0.026924
0
0.15121
0.026991
0
0
0
0
0
0
0
0.084298
0
0.014117
0
0
0.08376
0.047034
0
0
0.11134
0
0
0
0
0
0
0
0
0
0
0
0
0
0.12157
0
0
0.55115
0
0
0.065111
0.11647
0
0.18151
0
0
0
0.022282
0.10637
0.056366
0
0
0
0.22785
0
0.033085
0
0
0
0
0
0
0
0
0
0.12239
0
0
0
0
0
0.1194
0
0.12771
0
0
0
0
0
0
0.15817
0
0
0
0
0
0
0.20735
0
0
0.081426
0.30778
0
0
0
0
0.041287
0
0
0
0
0
0.01904
0
0
0
0
0
0
0.27315
0
0.18859
0.20235
0
0.13498
0.018265
0
0
0.064707
0
0
0
0
0
0.36412
0
0
0
0.051822
0.13521
0
0
0
0.086328
0.32091
0
0
0
0
0
0.010994
0.16436
0
0
0
0
0
0
0
0
0
0
0
0
0.064313
0
1
