0.13257
1
0.48351
0.67832
0.59185
0.34252
0.48351
0.20004
0.20185
0.31026
0.58931
0.44934
0.29955
0
0
0.44283
0.089018
0.3257
0.15142
0.37494
0.3405
0.06013
1
1
0.037746
0.082282
0.5767
1
0.64559
0.4337
0.60689
0.2874
0.54756
0.62994
1
0.20708
0.25913
0.67048
1
0.32416
0.35327
0.34897
0.34319
1
0.29187
0.35438
1
0.40082
0.63527
0.58893
0.58931
0.39523
0.57707
1
0.47086
0
0.49678
0.041317
0.40793
0.091081
1
0.35808
0.66793
0.41298
0.085029
0
0.39523
0.096862
0.19612
0.45934
1
0
0.4032
0.67832
0.18158
0.2874
0.35362
0.47086
0
0.29187
0.46498
0.24201
0.29187
0.91277
0.15274
0.46498
0.37475
0.16375
0.16363
0.41104
0
0.5068
0.74387
0.30521
0.35438
0.20185
0.19766
1
1
0.44944
0
0.37077
0.81803
0.94611
0.35438
0.19897
1
0.69253
0.26728
0.62918
0.32109
0.24685
0.44944
0.40618
0.48351
0.59864
1
0.54128
0.58543
0.66516
0
0.039115
0.031116
0.1044
1
0.35129
1
0
0
0.072346
-0.0037115
0.66974
0.58931
0.56766
0.52255
0.73012
0.322
0
0.73012
0.14577
0
1
0.77832
0.085029
0.46498
0.73012
1
0.33904
0.86544
0.39673
0
0.60689
NaN
0.071573
0.30978
0.2874
0.64251
0.39048
0.41104
0.15576
NaN
0.056301
-0.0095491
0.65563
0.14873
0.63113
0.92033
0.89277
0.58931
0.48351
0.574
0.3948
0.39246
0.20296
0.48447
0.72052
0.31939
0.2657
0.71266
0.24357
0.41104
0.057019
0.20185
0.19612
0.70569
0.35591
1
0
0.35362
0.082282
0.27129
0.40793
0.082282
0
0.58317
0.40793
0.59383
1
0.73795
0.22364
NaN
0.14431
0.2874
0.56988
0
0.49451
0.38265
0.10158
0.14399
0.48351
0
0.89277
0.63527
0.15142
0.5192
0.33691
0.61764
0.29187
0.19414
0.40304
0.43903
0.48351
0.29187
0.62994
0.23074
0.41104
0.082863
0.12813
0.6634
1
0.28007
0.40013
0.55399
0.31939
0.19612
0.14399
0.78885
0.3948
0.73975
0.41312
0.46498
0.49704
0.39523
1
0.68159
0.53177
0.45082
0.42073
0.27775
0.6852
0.029338
0.35615
0.67832
0.6587
0.29974
0.48351
0.46413
0.35362
0.52255
0.31973
0.45013
0
0.2874
0.93
1
0.085029
0
0.44582
1
0.25132
0.2874
NaN
0.31108
0
NaN
0.65684
0.082282
1
0.39358
0.35321
0.2874
0.3948
1.32
0.48351
0.31939
0.53324
0.29954
0.58179
0
0.87275
0.52255
0.84641
0.39527
0.35327
0.51899
0
0.42533
0.57519
1
0.14175
0.48351
0.47124
0.35327
NaN
0.52191
0.085029
0.67832
0.62994
0.57447
0.047507
0.73975
1
0.2657
NaN
0.51956
0.46498
0.60652
0.48351
1
0.49936
0
0.21074
0.88091
0.42307
0.31026
0.28322
0
0.62173
0.24367
0
0.35438
0.63527
0.89277
1
0.40599
0.58601
0.54128
1
0.35362
0.14399
0.62994
1
0.52954
0.38254
0.37395
0.35327
0.58543
0.20004
0.082282
0.73975
1
0.68563
0.70059
0.1682
0.31026
0.24685
0.64179
0.7034
0.20004
0.58543
0
0.47656
0.31413
0
0.40396
0.038372
0.48525
0.20185
0.20185
1
0.47086
0.31026
0.71266
1
0.60689
0.72108
1
0.23185
0.24685
1
0.86272
1
0.73975
1
0.46441
0
0.93234
0.20004
0.47086
0.54128
0.070607
1
0.73012
0
0.47544
0.19612
0.29187
0.94808
0.52639
0.96178
0.08319
0.029733
0.87613
0.73975
0.66938
0.71266
0.3948
0.85946
0.44406
0.48351
0
0.57
1
1
1
0
0.16971
0.15142
0.070899
0.89277
0.28307
0.1495
