0.64375
1
0.29591
0.88393
0.57863
0.94361
0.90203
0.9096
0.30212
0.15794
1
0.03233
0
0
0.36168
0.1347
0.56311
1
0.63794
0
0
0.56889
0.61477
0.5199
0.94039
0.25956
0.030257
0.16053
0.44278
0.42555
0.81483
0.96055
0
0.31006
0.23258
0.76484
0.69589
0.72824
0.54562
0.53647
0
0.88431
0.067165
0.45938
0.89051
0.37744
0.095773
1
0.87774
0.38181
0
0.31258
0.28304
0.61707
0.46288
0.044739
0.6481
0.079841
1
0.24601
0.71498
0.75314
1
0.60965
0.67011
0.92741
0.69383
0.29347
0.20379
0
0.34605
0.16747
0.18078
0.30171
0.09157
0.45101
0.79273
1
0.73642
0.42519
0.11311
0.85914
0.13872
1
0.64839
0.074075
0.48409
0.94431
1
0.92189
0.5561
0.32116
0.072599
0.753
0.39893
0.33215
0.51894
0.38349
0.83445
0.069839
0.45552
0.19982
0.44551
0.622
1
0.10422
1
1
0.42043
0.92871
0.22584
0.82983
0.26619
0.43876
0.56252
0.7404
0.38735
0.71267
0.096651
0.61853
0
0.48646
0.60589
0.19876
0
0.67257
0.74362
0.12692
0.65474
0.64317
0.46331
0.36197
0.35517
0.27597
0.66746
0.39946
1
0.90158
0.84229
0.42812
0
0.21444
0.72154
0.15707
1
0.38794
0.41723
0.93886
0.6084
0
0.65019
0.52646
1
0.89496
0.058145
0.71865
0.57694
0.50759
0.66805
0.52855
0
0.66653
0.34587
0.47981
0
1
0.63069
0.93781
0.064782
0.59658
0.39886
0
0.41488
0.74708
1
0.3928
0.20887
0.82615
0
0.84973
1
0.77457
1
0.86374
0.4668
0.71241
0.48029
0.48335
0.7901
0.33165
0.10882
0
0
0.14575
0.45221
0.50823
0.1639
0.5591
0.21427
0.95127
0
0
0.6956
0.39824
0.23776
0
1
0
0.51258
0.81543
0.74606
0
0
0.43442
0.33134
0.52802
0.13683
0.29809
0.86898
0.90867
0.38024
0
0.48811
0
0.13022
1
0.35814
0.47719
0.64182
0.48128
0.13362
0.17594
0.051131
0.72561
1
0.044429
0.081222
0.081123
0.79242
0.16974
0.85293
0.64782
0.19629
0.38555
0
0.36931
0.41516
0.20296
0.84826
1
0.49943
0
0.2764
0.49719
0.75114
0.95441
0.10388
0
0.74661
0.57867
0.52755
1
0.52895
0.34542
0
0.69707
0.25474
0.44118
0.39226
0.46823
0.056456
0.045567
0.13411
0.9444
0.41291
0.60935
0.61464
0.42925
0.20326
0.47443
0.70943
0.23734
0.47875
0.81414
0.35315
0.76336
0
0.27299
0.69534
0.71197
0.95194
0.043182
0.26468
0.73963
0.32103
0.32365
0
0.2402
0.20361
0.204
0.33611
0.44014
0.70512
0.38499
0.83631
0.94016
0.13983
0.22761
0.5856
0.099264
0.19617
0.47357
0.69286
0.6345
0.95274
0.37315
0.54152
0.03105
0.55081
0.5789
0.90859
1
0
0
0.80426
0.41319
0.35883
0.1463
0.36023
0.42159
0
0.77825
0.92928
1
1
0.80727
0.69376
0.83472
1
0.3456
1
0.78649
0.5932
0.062992
0.29139
0.28083
0.55508
0.56205
0.82137
0.098816
1
0.38126
0.58057
0.70117
0.15594
0.1471
1
0.39191
1
1
0.41851
0.38516
0.74637
0.33795
0.4494
0.58923
0.56099
0.68789
0.22101
0.46905
0.28476
0.89517
0.59608
0
0.15103
0.087543
0.58547
0.80468
0.71139
1
0
0.7665
1
0.62004
0.18219
0.7893
0.74168
0.57622
0.53075
1
0.78351
0.74339
0.42364
0
0.11593
0.40044
0.68747
0.26413
0.30073
0.4223
0.55229
0.40482
0.89006
0.51753
0.65024
0.47593
0.65308
1
0
0.66775
0.8758
0.50007
0.33846
0.42773
0.89535
0.59925
0
0.11583
0.47757
0.18938
1
0.55125
