75.287
13.728
138.13
31.108
76.133
22.698
30.815
30.637
136.42
156.39
13.61
172.45
195
195
126.73
159.34
78.546
17.289
58.853
195
193.62
81.071
79.793
83.595
22.991
140.32
178.22
162.03
106.8
112.3
45.989
22.138
195
133.5
147.99
46.158
53.534
51.342
100.05
84.785
185.14
31.006
173.43
98.581
31.197
123.82
167.55
13.734
31.364
118.52
185.21
129.55
139.42
85.372
98.558
177.01
65.307
177.28
13.583
144.66
57.863
45.933
13.567
74.217
69.937
22.677
58.685
138.44
151.61
183.15
128.21
159.69
158.37
136.36
175.57
99.706
40.851
13.927
55.641
108.55
166.45
34.608
165.59
5
75.094
170.85
110.23
22.606
13.535
26.151
89.378
133.75
177.82
43.57
115.84
130.93
88.467
157.17
35.33
173.62
102.32
146.89
105.93
70.751
13.687
163.18
5
13.379
108.55
22.853
148.39
36.567
141.06
117.46
100.27
54.485
119.64
59.646
168.59
80.124
185.03
93.792
71.147
147.9
195
69.613
49.017
165.07
65.684
63.53
103.1
123.52
119.58
139.46
61.228
113.42
16.881
26.792
35.573
105.14
180.58
149.26
60.651
154.05
15.045
137.2
109.89
22.573
85.263
195
75.398
87.914
13.672
31.271
177.2
60.039
78.075
93.984
61.606
85.333
180.83
70.382
136.73
93.578
195
5
80.346
27.278
172.18
68.647
113.34
194.26
127.45
45.073
5
116.5
146.31
35.755
31.785
31.287
5
50.083
13.723
36.082
100.58
55.753
95.246
93.529
44.515
132.65
169.4
190.43
186.41
161.42
117.61
90.648
155.85
80.67
149.96
22.368
186.81
105.66
65.565
118.7
144.38
189.68
13.672
195
91.43
39.85
54.573
186.34
195
103.64
129.55
86.84
168.71
134.87
39.988
21.591
129.33
190.47
96.009
195
164.16
5
123.35
98.439
63.719
99.003
145.5
158.93
178.51
53.854
5
177.96
174.43
168.98
45.316
157.85
35.446
64.482
149.67
122.27
184.63
115.01
113.04
152.26
36.037
7.5567
88.573
195
136.33
88.612
50.652
22.136
165.67
180.98
55.717
95.248
86.069
5
83.597
128.48
186.35
65.164
142.53
103.56
135.51
99.991
174.55
177.31
154.71
22.388
110.48
68.693
74.563
111.28
152.5
104.41
60.516
146.08
109.78
37.711
125.74
50.733
186.5
140.18
48.986
59.503
27.404
175.45
143.43
55.236
128.5
130.28
184.54
142.83
149.73
153.35
124.94
108.83
54.728
147.18
39.433
21.113
157.73
146.41
73.67
163.36
155.71
96.819
58.218
68.312
25.624
118.52
90.677
178.62
94.695
74.961
26.826
5
191.77
186.26
40.97
109.62
120.36
157.93
127.29
127.46
195
45.735
22.472
5
11.174
38.508
64.45
41.02
13.793
123.22
5
48.676
84.783
172.15
133.1
138.45
80.761
84.078
40.111
167.42
5
122.76
90.086
55.782
159.23
161.11
16.27
117.34
17.411
5
119.38
121.14
47.518
126.42
103.52
95.365
73.618
60.179
149.15
101.37
141.77
26.185
75.555
195
162.13
169.46
79.855
44.076
51.908
13.953
186.9
49.742
5
71.271
152.58
40.384
48.263
68.745
78.664
8.3466
44.621
50.269
106.78
195
163.91
113.54
65.449
139.16
133.27
114.31
78.623
116.76
25.468
90.947
69.433
96.908
65.103
5
181.23
70.422
32.468
89.807
131.84
107.62
31.173
90.316
184.51
166.21
107.46
154.41
5
81.469
